#DataThief /Users/villaa/./Desktop/Screen Shot 2019-02-11 at 12.27.59.png Monday 11-Feb-2019 12:34:59 PM
762.6374, -5.401
764.9359, -5.401
767.2452, -5.3916
767.2559, -5.3822
769.5545, -5.3822
769.5652, -5.3728
771.8745, -5.3634
774.1731, -5.3634
776.4824, -5.354
776.4931, -5.3446
776.5039, -5.3353
778.8132, -5.3259
781.1117, -5.3258
783.4102, -5.3256
785.7088, -5.3256
788.0074, -5.3256
790.3167, -5.3162
790.3274, -5.3069
790.3382, -5.2974
790.3489, -5.2882
790.3597, -5.2788
790.3704, -5.2695
790.3811, -5.2601
792.6904, -5.2507
794.9997, -5.2413
797.2983, -5.2413
799.5968, -5.2412
801.8847, -5.2505
804.1832, -5.2504
806.4818, -5.2504
808.7911, -5.241
811.0896, -5.2409
813.3881, -5.2409
815.6975, -5.2315
817.996, -5.2314
820.2946, -5.2313
822.5932, -5.2313
822.6038, -5.2219
822.6146, -5.2126
824.9239, -5.2032
824.9346, -5.1938
827.244, -5.1844
829.5533, -5.175
831.8518, -5.175
834.1504, -5.1749
836.4489, -5.1748
838.7475, -5.1748
841.0352, -5.1841
843.3338, -5.184
845.6324, -5.184
847.9417, -5.1746
850.2403, -5.1745
850.251, -5.1651
852.5603, -5.1557
852.5711, -5.1464
854.8696, -5.1463
854.8803, -5.137
857.1896, -5.1276
857.2004, -5.1182
859.5097, -5.1088
861.8082, -5.1088
864.0961, -5.1181
866.3946, -5.1179
866.3839, -5.1273
868.6824, -5.1273
870.9702, -5.1366
873.2688, -5.1365
875.5566, -5.1458
877.8444, -5.1551
880.143, -5.155
880.1322, -5.1644
880.1215, -5.1737
880.1108, -5.1831
880.1, -5.1924
882.3878, -5.2017
882.3771, -5.2111
882.3664, -5.2204
882.3556, -5.2297
882.3449, -5.2391
882.3341, -5.2484
882.3234, -5.2578
882.3127, -5.2671
882.3019, -5.2765
882.2912, -5.2858
882.2804, -5.2952
882.2697, -5.3045
882.2589, -5.3139
882.2482, -5.3232
882.2375, -5.3326
882.2267, -5.3418
882.216, -5.3512
882.2052, -5.3606
882.1945, -5.3699
882.1838, -5.3793
882.173, -5.3886
882.1623, -5.398
882.1515, -5.4073
882.1408, -5.4167
882.1301, -5.426
884.4179, -5.4353
884.4071, -5.4445
884.3963, -5.454
884.3856, -5.4633
884.3749, -5.4727
886.6627, -5.482
886.652, -5.4913
888.9398, -5.5006
888.9291, -5.5099
888.9183, -5.5192
888.9076, -5.5286
888.8968, -5.538
888.886, -5.5473
888.8754, -5.5567
888.8646, -5.5659
888.8538, -5.5754
888.8431, -5.5847
888.8324, -5.5941
888.8216, -5.6034
888.8109, -5.6128
888.8002, -5.6221
888.7894, -5.6314
888.7787, -5.6408
888.7679, -5.6501
888.7572, -5.6595
888.7465, -5.6688
888.7357, -5.6782
888.725, -5.6875
888.7142, -5.6968
888.7035, -5.7062
888.6928, -5.7156
890.9806, -5.7248
890.9698, -5.7342
893.2576, -5.7435
895.5562, -5.7433
895.5455, -5.7528
893.2362, -5.7622
893.2254, -5.7715
890.9268, -5.7715
893.2147, -5.7809
895.5025, -5.7902
897.7903, -5.7993
900.0781, -5.8087
902.3659, -5.818
904.6538, -5.8273
904.643, -5.8366
904.6322, -5.846
904.6215, -5.8553
904.6108, -5.8647
904.6, -5.874
906.8879, -5.8833
906.8771, -5.8927
906.8664, -5.902
909.1542, -5.9113
909.1435, -5.9205
909.1327, -5.93
911.4205, -5.9393
911.4098, -5.9485
911.3991, -5.958
911.3883, -5.9673
911.3776, -5.9767
911.3668, -5.986
913.6545, -5.9952
913.6439, -6.0046
913.6332, -6.014
915.9317, -6.0139
918.2195, -6.0232
918.2088, -6.0326
920.4966, -6.0419
920.4859, -6.0512
920.4751, -6.0605
920.4644, -6.0699
920.4536, -6.0792
920.4429, -6.0886
922.7307, -6.0979
922.72, -6.1072
922.7092, -6.1166
922.6985, -6.1259
922.6878, -6.1353
922.677, -6.1446
922.6663, -6.1539
922.6555, -6.1633
922.6448, -6.1726
922.6341, -6.182
924.9219, -6.1913
924.9111, -6.2006
927.1989, -6.2099
927.1882, -6.2193
929.476, -6.2285
929.4653, -6.2379
931.753, -6.2472
931.7424, -6.2565
931.7316, -6.2659
931.7208, -6.2752
934.0087, -6.2845
933.9979, -6.2938
933.9872, -6.3032
936.275, -6.3125
936.2643, -6.3218
936.2535, -6.3312
936.2428, -6.3405
936.2321, -6.3498
938.5199, -6.3591
938.5091, -6.3685
938.4984, -6.3778
938.4876, -6.3872
940.7755, -6.3965
940.7647, -6.4058
940.754, -6.4152
940.7431, -6.4245
940.7325, -6.4339
943.0203, -6.4431
943.0096, -6.4525
942.9988, -6.4618
942.9881, -6.4712
945.2759, -6.4805
945.2652, -6.4898
945.2544, -6.4992
947.5422, -6.5084
947.5314, -6.5178
949.8193, -6.5271
952.1071, -6.5364
954.4057, -6.5363
956.6935, -6.5455
956.6827, -6.5549
958.9706, -6.5642
958.9598, -6.5735
958.9491, -6.5829
958.9384, -6.5923
961.2262, -6.6016
961.2154, -6.6109
961.2046, -6.6202
961.1939, -6.6296
961.1832, -6.6389
961.1724, -6.6482
963.4603, -6.6576
963.4495, -6.6669
965.7374, -6.6762
965.7266, -6.6856
965.7159, -6.6949
965.705, -6.7042
967.9929, -6.7135
967.9822, -6.7229
970.27, -6.7322
970.2593, -6.7415
970.2485, -6.7509
972.5364, -6.7601
972.5255, -6.7694
972.5149, -6.7788
972.5041, -6.7882
972.4934, -6.7974
972.4827, -6.8069
972.4719, -6.8162
974.7597, -6.8255
974.749, -6.8349
974.7382, -6.8441
974.7275, -6.8535
974.7168, -6.8629
974.706, -6.8721
974.6953, -6.8816
974.6844, -6.8909
974.6738, -6.9003
974.6631, -6.9096
974.6522, -6.919
974.6631, -6.9096
974.6738, -6.9003
974.6844, -6.8909
976.9938, -6.8815
977.0046, -6.8721
977.0153, -6.8628
977.0261, -6.8535
974.7168, -6.8629
972.4075, -6.8723
972.4182, -6.863
972.4289, -6.8536
972.4397, -6.8443
972.4504, -6.8349
974.7597, -6.8255
974.7705, -6.8162
977.0798, -6.8068
977.0905, -6.7974
977.1012, -6.7881
977.112, -6.7787
977.1227, -6.7694
979.432, -6.76
979.4428, -6.7506
979.4535, -6.7412
979.4642, -6.7319
979.475, -6.7226
981.7843, -6.7132
984.0936, -6.7038
984.1043, -6.6944
986.4029, -6.6944
988.7014, -6.6943
990.9893, -6.7036
988.6907, -6.7037
986.3921, -6.7037
988.6907, -6.7037
990.9785, -6.7128
993.2663, -6.7222
990.9678, -6.7223
993.2556, -6.7316
993.2448, -6.7409
995.5327, -6.7502
995.5219, -6.7596
995.5112, -6.7689
997.799, -6.7782
997.7883, -6.7875
1000.0761, -6.7968
1002.3639, -6.8061
1002.3531, -6.8155
1002.3424, -6.8248
1002.3317, -6.834
1002.3209, -6.8435
1002.3102, -6.8528
1002.2993, -6.8622
1002.3102, -6.8528
1004.6195, -6.8434
1004.6301, -6.834
1004.641, -6.8247
1006.9503, -6.8153
1004.6517, -6.8154
1006.9609, -6.806
1004.6623, -6.8061
1006.9717, -6.7966
1009.281, -6.7872
1009.2918, -6.7779
1009.3025, -6.7685
1011.6118, -6.7591
1011.6226, -6.7498
1011.6333, -6.7405
1011.644, -6.7311
1011.6548, -6.7218
1011.6655, -6.7124
1013.9748, -6.7029
1013.9856, -6.6937
1013.9963, -6.6843
1016.3056, -6.6749
1016.3163, -6.6656
1018.6256, -6.6562
1020.9242, -6.6561
1023.2335, -6.6467
1025.5428, -6.6373
1025.5535, -6.6279
1027.8521, -6.6279
1030.1506, -6.6278
1032.4492, -6.6278
1034.7585, -6.6183
1034.7692, -6.609
1034.78, -6.5997
1034.7907, -6.5903
1034.8014, -6.581
1034.8122, -6.5716
1037.1215, -6.5622
1039.42, -6.5622
1041.7292, -6.5528
1044.0386, -6.5434
1044.0493, -6.534
1044.0601, -6.5247
1044.0709, -6.5152
1044.0816, -6.506
1044.0923, -6.4966
1046.4016, -6.4872
1046.4123, -6.4779
1046.4231, -6.4685
1046.4339, -6.4592
1048.7431, -6.4498
1048.7539, -6.4404
1048.7646, -6.4311
1048.7753, -6.4217
1048.7861, -6.4123
1048.7969, -6.4031
1048.8075, -6.3937
1048.8184, -6.3844
1048.8291, -6.375
1048.8397, -6.3657
1051.1491, -6.3563
1051.1599, -6.3469
1051.1706, -6.3376
1051.1814, -6.3282
1051.1921, -6.3189
1051.2028, -6.3094
1053.5121, -6.3001
1053.5229, -6.2908
1055.8322, -6.2814
1055.8429, -6.272
1055.8537, -6.2627
1058.163, -6.2533
1058.1737, -6.2439
1058.1844, -6.2346
1060.4937, -6.2252
1060.5045, -6.2158
1062.8138, -6.2064
1062.8245, -6.1971
1062.8352, -6.1877
1065.1445, -6.1783
1065.1553, -6.169
1065.166, -6.1596
1067.4753, -6.1502
1067.4861, -6.1409
1067.4968, -6.1315
1067.5074, -6.1222
1069.8168, -6.1128
1069.8276, -6.1034
1072.1369, -6.094
1072.1476, -6.0847
1072.1584, -6.0754
1072.1691, -6.066
1074.4784, -6.0566
1074.4891, -6.0473
1076.7984, -6.0378
1076.8092, -6.0285
1076.8199, -6.0192
1079.1292, -6.0098
1079.14, -6.0004
1081.4493, -5.991
1081.46, -5.9817
1083.7692, -5.9723
1083.78, -5.9628
1083.7908, -5.9536
1086.1001, -5.9442
1086.1108, -5.9348
1086.1216, -5.9255
1088.4309, -5.9161
1088.4416, -5.9066
1090.7509, -5.8973
1090.7616, -5.888
1090.7724, -5.8786
1093.0817, -5.8692
1093.0924, -5.8599
1095.4017, -5.8505
1095.4125, -5.8411
1095.4232, -5.8317
1097.7325, -5.8224
1097.7431, -5.813
1097.754, -5.8037
1100.0633, -5.7943
1100.074, -5.7849
1100.0848, -5.7755
1102.394, -5.7662
1102.4048, -5.7568
1102.4155, -5.7475
1104.7248, -5.7381
1104.7356, -5.7287
1104.7463, -5.7194
1104.757, -5.71
1107.0663, -5.7006
1107.0771, -5.6913
1107.0878, -5.6819
1107.0986, -5.6726
1109.4079, -5.6632
1109.4186, -5.6538
1109.4293, -5.6444
1109.4401, -5.6351
1111.7494, -5.6257
1111.7601, -5.6164
1114.0694, -5.607
1114.0802, -5.5976
1114.0909, -5.5883
1116.4002, -5.5789
1116.4109, -5.5695
1118.7202, -5.5601
1121.0188, -5.5601
1123.3281, -5.5507
1123.3388, -5.5413
1123.3496, -5.532
1125.6589, -5.5226
1125.6696, -5.5131
1127.9682, -5.5131
1130.2667, -5.5131
1132.5653, -5.5131
1134.8746, -5.5037
1137.1839, -5.4942
1139.4932, -5.4848
1141.8025, -5.4754
1144.1118, -5.466
1146.4211, -5.4566
1148.7196, -5.4566
1151.0182, -5.4565
1153.3275, -5.4471
1155.6368, -5.4377
1157.9353, -5.4376
1157.9461, -5.4283
1157.9567, -5.4189
1160.2661, -5.4095
1160.2769, -5.4002
1162.5861, -5.3908
1164.8847, -5.3907
1167.1833, -5.3907
1169.4711, -5.4
1171.7589, -5.4092
1174.0467, -5.4184
1176.3345, -5.4278
1176.3237, -5.4372
1178.6116, -5.4465
1180.9102, -5.4464
1183.2086, -5.4463
1185.518, -5.4369
1187.8166, -5.4369
1190.1259, -5.4275
1192.4352, -5.4181
1194.7445, -5.4087
1194.7551, -5.3993
1197.0645, -5.3899
1197.0752, -5.3806
1197.086, -5.3712
1197.0967, -5.3618
1199.406, -5.3525
1199.4168, -5.3431
1201.7261, -5.3336
1204.0246, -5.3336
1206.3338, -5.3243
1208.6432, -5.3148
1208.6539, -5.3054
1210.9632, -5.2961
1213.2618, -5.296
1215.5604, -5.296
1217.8589, -5.2959
1220.1575, -5.2959
1222.456, -5.2958
1224.7546, -5.2957
1227.0424, -5.305
1229.3302, -5.3143
1231.6179, -5.3235
1233.9165, -5.3235
1236.2044, -5.3328
1236.1937, -5.3422
1238.4815, -5.3515
1238.4707, -5.3608
1238.46, -5.3702
1240.7478, -5.3794
1240.737, -5.3888
1240.7263, -5.3981
1240.7156, -5.4075
1243.0034, -5.4168
1242.9927, -5.4261
1242.9819, -5.4355
1242.9712, -5.4447
1245.259, -5.4541
1245.2482, -5.4634
1247.5468, -5.4634
1247.5361, -5.4727
1249.8239, -5.482
1249.8131, -5.4914
1252.101, -5.5007
1252.0902, -5.51
1254.378, -5.5192
1256.6766, -5.5192
1256.6873, -5.5099
1254.3888, -5.5099
1256.6981, -5.5005
1258.9966, -5.5005
1259.0074, -5.491
1261.3167, -5.4817
1263.626, -5.4723
1265.9245, -5.4723
1268.2231, -5.4722
1270.5324, -5.4628
1272.8202, -5.4721
1275.1187, -5.472
1275.108, -5.4814
1277.3958, -5.4907
1277.3851, -5.5
1277.3743, -5.5093
1279.6621, -5.5186
1279.6514, -5.528
1279.6407, -5.5373
1281.9285, -5.5466
1281.9177, -5.556
1284.2163, -5.5558
1284.2056, -5.5652
1286.4934, -5.5745
1288.7919, -5.5745
1288.7812, -5.5838
1291.0796, -5.5838
1293.3676, -5.5931
1295.6661, -5.593
1297.9539, -5.6023
1300.2525, -5.6021
1302.5403, -5.6115
1302.5295, -5.6209
1302.5188, -5.6301
1302.5081, -5.6395
1302.4973, -5.6489
1302.5081, -5.6395
1302.5188, -5.6301
1302.5295, -5.6209
1302.5403, -5.6115
1302.551, -5.6021
1304.8496, -5.6021
1304.8389, -5.6114
1304.8281, -5.6208
1304.8174, -5.6301
1304.8281, -5.6208
1307.1374, -5.6114
1307.1482, -5.6019
1307.1589, -5.5927
1309.4682, -5.5833
1309.4788, -5.5739
1309.4897, -5.5646
1309.5004, -5.5553
1311.8096, -5.5459
1311.8205, -5.5365
1314.119, -5.5364
1316.4176, -5.5364
1318.7269, -5.527
1321.0254, -5.5269
1321.0362, -5.5175
1323.3347, -5.5175
1325.644, -5.5081
1327.9426, -5.5081
1330.2519, -5.4986
1332.5612, -5.4892
1332.5718, -5.4799
1334.8812, -5.4705
1337.1798, -5.4704
1339.4783, -5.4704
1341.7769, -5.4703
1344.0647, -5.4796
1346.3632, -5.4795
1348.6618, -5.4795
1350.971, -5.4701
1353.2804, -5.4607
1353.2911, -5.4513
1355.6004, -5.4419
1355.6112, -5.4325
1357.9205, -5.4232
1360.2298, -5.4138
1362.5283, -5.4137
1364.8269, -5.4137
1367.1362, -5.4042
1369.4455, -5.3948
1371.7548, -5.3854
1371.7654, -5.3761
1371.7763, -5.3667
1374.0856, -5.3573
1374.0963, -5.3479
1374.107, -5.3386
1374.1178, -5.3293
1374.1285, -5.32
1376.4378, -5.3106
1376.4485, -5.3012
1376.4593, -5.2919
1376.47, -5.2825
1378.7793, -5.2731
1378.7901, -5.2638
1381.0994, -5.2544
1381.1101, -5.245
1383.4194, -5.2356
1383.4301, -5.2263
1383.4409, -5.2169
1385.7502, -5.2075
1385.7609, -5.1982
1385.7717, -5.1888
1388.081, -5.1794
1388.0917, -5.1701
1388.1024, -5.1607
1388.1132, -5.1514
1390.4224, -5.142
1390.4332, -5.1326
1392.7425, -5.1232
1395.0411, -5.1232
1397.3396, -5.1231
1399.6489, -5.1137
1401.9582, -5.1043
1404.2675, -5.0949
1406.5661, -5.0948
1408.8646, -5.0948
1411.1632, -5.0947
1413.451, -5.104
1415.7496, -5.1039
1418.0481, -5.1039
1420.3574, -5.0945
1422.6667, -5.0851
1422.6775, -5.0757
1424.9868, -5.0663
1424.9975, -5.057
1427.3068, -5.0476
1429.616, -5.0382
1431.9146, -5.0381
1434.2025, -5.0474
1436.501, -5.0473
1438.7995, -5.0473
1441.0981, -5.0472
1441.1089, -5.0379
1441.1196, -5.0285
1443.4289, -5.0191
1443.4397, -5.0098
1445.749, -5.0004
1448.0582, -4.991
1450.3675, -4.9816
1450.3783, -4.9722
1450.389, -4.9628
1450.3998, -4.9535
1452.709, -4.9441
1455.0184, -4.9346
1457.3169, -4.9346
1459.6155, -4.9346
1461.914, -4.9344
1464.2126, -4.9344
1466.511, -4.9344
1468.8096, -4.9344
1468.8204, -4.925
1468.8312, -4.9157
1468.8418, -4.9062
1471.1512, -4.8969
1473.4605, -4.8875
1473.4713, -4.8782
1475.7806, -4.8688
1478.0899, -4.8593
1480.3884, -4.8593
1482.687, -4.8592
1484.9855, -4.8592
1487.2732, -4.8685
1487.2626, -4.8778
1489.5504, -4.8871
1491.8382, -4.8963
1494.126, -4.9057
1496.4139, -4.915
1496.4031, -4.9243
1498.6909, -4.9336
1498.6802, -4.9428
1500.968, -4.9522
1500.9573, -4.9616
1500.9465, -4.9708
1503.2343, -4.9802
1505.5329, -4.9801
1507.8207, -4.9893
1507.81, -4.9988
1507.7992, -5.0081
1507.7885, -5.0175
1507.7776, -5.0268
1510.0656, -5.0361
1512.3534, -5.0454
1512.3426, -5.0547
1514.6305, -5.064
1516.929, -5.064
1519.2168, -5.0733
1521.5154, -5.0732
1521.5046, -5.0825
1523.8032, -5.0825
1526.091, -5.0918
1528.3896, -5.0917
1530.6774, -5.101
1530.6665, -5.1103
1532.9651, -5.1103
1535.2745, -5.1009
1535.2852, -5.0915
1537.5945, -5.0821
1537.6053, -5.0728
1539.9146, -5.0634
1539.9253, -5.054
1539.9361, -5.0447
1539.9468, -5.0352
1539.9575, -5.026
1542.2668, -5.0166
1542.2776, -5.0072
1544.5869, -4.9978
1544.5976, -4.9885
1544.6084, -4.979
1544.6191, -4.9698
1544.6298, -4.9604
1546.9391, -4.951
1546.9499, -4.9417
1549.2591, -4.9323
1551.5685, -4.9229
1551.5792, -4.9135
1551.5899, -4.9042
1553.8992, -4.8948
1556.2085, -4.8854
1556.2193, -4.876
1556.23, -4.8667
1558.5393, -4.8573
1558.5286, -4.8666
1560.8271, -4.8666
1563.1257, -4.8665
1565.4135, -4.8758
1567.7121, -4.8757
1565.4135, -4.8758
1567.7013, -4.8851
1569.9891, -4.8944
1569.9784, -4.9037
1572.2662, -4.913
1574.554, -4.9223
1576.8418, -4.9316
1579.1404, -4.9315
1581.4282, -4.9407
1581.4175, -4.9502
1581.4067, -4.9595
1583.6945, -4.9687
1585.9824, -4.9781
1588.2702, -4.9874
1588.2594, -4.9967
1590.5473, -5.006
1590.5365, -5.0153
1592.8243, -5.0246
1595.1121, -5.0339
1595.1014, -5.0433
1595.0907, -5.0526
1595.0799, -5.062
1595.0692, -5.0713
1597.357, -5.0806
1597.3463, -5.0899
1599.6341, -5.0992
1599.6233, -5.1086
1599.6126, -5.1179
1601.9003, -5.1272
1601.8897, -5.1366
1601.8789, -5.1459
1604.1667, -5.1552
1604.156, -5.1645
1604.1453, -5.1739
1604.1345, -5.1832
1606.4223, -5.1925
1606.4116, -5.2019
1606.4009, -5.2112
1606.3901, -5.2206
1606.3794, -5.2299
1608.6672, -5.2392
1608.6564, -5.2485
1608.6457, -5.2579
1610.9335, -5.2671
1610.9228, -5.2765
1613.2106, -5.2858
1613.1999, -5.2951
1613.1891, -5.3045
1613.1784, -5.3138
1615.4662, -5.3231
1615.4554, -5.3325
1615.4447, -5.3418
1615.434, -5.3512
1615.4232, -5.3605
1615.4125, -5.3699
1615.4017, -5.3792
1617.6896, -5.3885
1617.6787, -5.3978
1617.6681, -5.4072
1617.6573, -5.4165
1617.6465, -5.4259
1619.9344, -5.4352
1619.9237, -5.4445
1619.9129, -5.4538
1619.9022, -5.4632
1619.8914, -5.4725
1622.1793, -5.4818
1622.1685, -5.4912
1622.1578, -5.5005
1622.147, -5.5099
1622.1363, -5.5192
1622.1256, -5.5286
1622.1148, -5.5379
1622.1041, -5.5473
1622.0933, -5.5566
1622.0826, -5.5659
1622.0718, -5.5753
1622.0611, -5.5846
1624.3489, -5.5939
1624.3382, -5.6033
1624.3274, -5.6126
1624.3167, -5.6219
1626.6045, -5.6312
1626.5937, -5.6406
1626.583, -5.6499
1626.5723, -5.6593
1628.8601, -5.6686
1628.8494, -5.6779
1628.8386, -5.6873
1628.8279, -5.6966
1628.8171, -5.706
1628.8064, -5.7153
1628.7957, -5.7246
1631.0835, -5.7339
1631.0727, -5.7433
1631.062, -5.7526
1633.3498, -5.7619
1633.3391, -5.7713
1633.3283, -5.7806
1633.3176, -5.79
1633.3068, -5.7993
1633.2961, -5.8086
1633.2854, -5.818
1635.5732, -5.8273
1635.5624, -5.8366
1635.5516, -5.846
1635.541, -5.8553
1635.5302, -5.8647
1635.5194, -5.874
1635.5087, -5.8834
1635.498, -5.8927
1635.4873, -5.902
1637.7751, -5.9113
1637.7643, -5.9207
1637.7536, -5.93
1637.7428, -5.9394
1637.7321, -5.9487
1637.7214, -5.9581
1637.7106, -5.9674
1637.6999, -5.9768
1637.6891, -5.9861
1637.6784, -5.9955
1637.6677, -6.0048
1637.6569, -6.0141
1637.6461, -6.0235
1637.6354, -6.0328
1639.9233, -6.0421
1639.9125, -6.0515
1639.9018, -6.0608
1639.891, -6.0702
1639.8803, -6.0795
1639.8695, -6.0889
1639.8588, -6.0982
1639.8481, -6.1075
1639.8373, -6.1169
1642.1359, -6.1168
1642.1251, -6.1262
1642.1144, -6.1355
1642.1037, -6.1449
1642.0929, -6.1542
1642.0822, -6.1636
1644.37, -6.1728
1646.6578, -6.1821
1646.6471, -6.1915
1646.6362, -6.2008
1646.6256, -6.2102
1646.6148, -6.2195
1648.9026, -6.2288
1651.1905, -6.2381
1651.1797, -6.2474
1653.4676, -6.2567
1653.4567, -6.2661
1653.4461, -6.2753
1653.4353, -6.2848
1655.7231, -6.2941
1655.7124, -6.3034
1658.0002, -6.3127
1657.9895, -6.322
1657.9787, -6.3314
1657.968, -6.3407
1657.9573, -6.3501
1660.2451, -6.3594
1660.2343, -6.3687
1660.2236, -6.378
1660.2128, -6.3874
1660.2021, -6.3967
1662.4899, -6.406
1662.4792, -6.4154
1662.4684, -6.4247
1664.7563, -6.434
1664.7455, -6.4434
1664.7348, -6.4527
1664.724, -6.462
1664.7133, -6.4714
1667.0011, -6.4807
1666.9904, -6.49
1666.9796, -6.4994
1666.9689, -6.5087
1666.9581, -6.5181
1669.246, -6.5274
1669.2352, -6.5367
1669.2245, -6.546
1669.2137, -6.5554
1669.203, -6.5647
1671.4908, -6.5739
1671.4801, -6.5834
1671.4693, -6.5927
1671.4586, -6.6021
1673.7464, -6.6113
1673.7357, -6.6207
1676.0235, -6.63
1678.3113, -6.6393
1678.3006, -6.6486
1678.2898, -6.658
1678.2791, -6.6673
1678.2683, -6.6766
1680.5561, -6.6859
1680.5453, -6.6953
1680.5347, -6.7046
1680.5239, -6.714
1682.8117, -6.7233
1682.801, -6.7326
1682.7903, -6.742
1685.0781, -6.7511
1685.0673, -6.7606
1687.3551, -6.7699
1687.3444, -6.7792
1687.3336, -6.7886
1689.6215, -6.7979
1689.6107, -6.8072
1689.6, -6.8166
1691.8878, -6.8258
1691.8771, -6.8352
1694.1756, -6.8351
1694.1649, -6.8445
1694.1541, -6.8538
1694.1434, -6.8632
1696.4312, -6.8725
1696.4205, -6.8818
1696.4097, -6.8911
1698.6976, -6.9003
1698.6867, -6.9098
1698.6761, -6.9191
1700.9639, -6.9284
1700.9531, -6.9378
1700.9424, -6.9471
1700.9317, -6.9564
1700.9209, -6.9658
1700.9102, -6.975
1700.8994, -6.9845
1703.1873, -6.9938
1705.4751, -7.0031
1707.7629, -7.0123
1710.0507, -7.0216
1710.04, -7.031
1710.0292, -7.0403
1712.317, -7.0496
1712.3063, -7.059
1714.6049, -7.0589
1716.8927, -7.0682
1716.8819, -7.0775
1719.1697, -7.0868
1721.4576, -7.0961
1721.4468, -7.1055
1721.4361, -7.1148
1723.7346, -7.1147
1723.7454, -7.1054
1726.0547, -7.096
1723.7561, -7.0961
1721.4683, -7.0868
1723.7669, -7.0867
1726.0654, -7.0866
1726.0762, -7.0773
1726.0869, -7.068
1728.3961, -7.0585
1728.4069, -7.0492
1728.4177, -7.0399
1730.7269, -7.0305
1730.7377, -7.0211
1730.7485, -7.0118
1730.7591, -7.0024
1730.7699, -6.9931
1730.7807, -6.9837
1730.7913, -6.9744
1730.8022, -6.9649
1733.1115, -6.9556
1733.1222, -6.9463
1733.1329, -6.9369
1733.1437, -6.9276
1733.1544, -6.9182
1733.1652, -6.9089
1733.1759, -6.8995
1735.4852, -6.8901
1735.4959, -6.8808
1735.5067, -6.8715
1735.5173, -6.862
1735.5282, -6.8528
1735.5389, -6.8434
1737.8481, -6.834
1737.8589, -6.8247
1737.8697, -6.8153
1737.8803, -6.806
1740.1897, -6.7966
1740.2005, -6.7872
1740.2112, -6.7779
1742.5205, -6.7685
1744.8298, -6.7591
1744.8405, -6.7497
1744.8513, -6.7404
1747.1606, -6.7309
1747.1713, -6.7216
1747.1821, -6.7123
1747.1928, -6.7029
1749.5021, -6.6935
1749.5128, -6.6842
1749.5236, -6.6747
1751.8329, -6.6654
1751.8436, -6.6561
1754.1529, -6.6467
1754.1637, -6.6373
1754.1743, -6.628
1754.1851, -6.6186
1756.4944, -6.6092
1756.5051, -6.5998
1756.5159, -6.5905
1758.8252, -6.5811
1761.1345, -6.5716
1763.4438, -6.5623
1763.4545, -6.553
1765.753, -6.5529
1765.7638, -6.5436
1768.0731, -6.5342
1770.3824, -6.5248
1772.6917, -6.5154
1772.7025, -6.506
1772.7132, -6.4967
1772.724, -6.4873
1772.7347, -6.478
1775.044, -6.4686
1775.0547, -6.4592
1775.0655, -6.4499
1775.0762, -6.4405
1775.087, -6.4312
1777.3963, -6.4218
1777.407, -6.4123
1779.7163, -6.403
1779.7269, -6.3937
1779.7378, -6.3843
1779.7485, -6.375
1779.7593, -6.3656
1779.77, -6.3563
1779.7807, -6.347
1779.7915, -6.3376
1782.1008, -6.3282
1782.1115, -6.3189
1782.1223, -6.3094
1782.133, -6.3002
1782.1437, -6.2908
1784.453, -6.2814
1784.4638, -6.2721
1784.4745, -6.2627
1784.4853, -6.2534
1784.496, -6.244
1784.5067, -6.2347
1784.5175, -6.2253
1784.5282, -6.216
1784.539, -6.2066
1784.5497, -6.1973
1784.5604, -6.188
1786.8697, -6.1785
1786.8805, -6.1692
1786.8912, -6.1599
1786.902, -6.1505
1789.2113, -6.1411
1789.222, -6.1318
1789.2327, -6.1224
1789.2435, -6.1131
1789.2542, -6.1037
1789.265, -6.0944
1789.2757, -6.085
1789.2864, -6.0757
1789.2972, -6.0663
1789.3079, -6.057
1791.6172, -6.0476
1791.628, -6.0382
1791.6387, -6.0289
1791.6495, -6.0195
1791.6602, -6.0102
1791.6709, -6.0009
1791.6817, -5.9915
1791.6924, -5.9822
1791.7032, -5.9727
1791.7139, -5.9635
1791.7246, -5.9541
1791.7354, -5.9447
1794.0447, -5.9354
1794.0554, -5.926
1794.0662, -5.9167
1794.0769, -5.9073
1794.0876, -5.898
1794.0984, -5.8885
1794.1091, -5.8793
1794.1199, -5.8699
1796.4292, -5.8605
1796.4399, -5.8512
1796.4506, -5.8418
1796.4614, -5.8325
1798.7707, -5.8231
1801.08, -5.8136
1801.0907, -5.8044
1801.1015, -5.795
1801.1122, -5.7856
1801.1229, -5.7763
1801.1337, -5.767
1801.1444, -5.7576
1803.4537, -5.7482
1803.4645, -5.7389
1803.4752, -5.7295
1803.4859, -5.7202
1803.4967, -5.7107
1805.806, -5.7014
1805.8167, -5.6921
1805.8275, -5.6827
1808.126, -5.6827
1810.4353, -5.6733
1812.7446, -5.6639
1812.7553, -5.6545
1812.7661, -5.6452
1815.0754, -5.6358
1815.0861, -5.6263
1817.3954, -5.617
1817.4062, -5.6077
1817.4169, -5.5983
1817.4277, -5.589
1819.737, -5.5796
1819.7477, -5.5702
1819.7584, -5.5609
1819.7692, -5.5514
1822.0785, -5.5421
1822.0892, -5.5328
1822.1, -5.5234
1824.4092, -5.514
1824.42, -5.5047
1824.4307, -5.4953
1826.74, -5.4859
1826.7508, -5.4766
1826.7614, -5.4672
1829.0708, -5.4578
1829.0815, -5.4485
1831.3908, -5.4391
1831.4016, -5.4297
1833.7109, -5.4203
1836.0202, -5.4109
1838.3295, -5.4015
1840.628, -5.4015
1842.9266, -5.4014
1845.2144, -5.4107
1847.513, -5.4106
1849.8115, -5.4106
1849.8223, -5.4012
1852.1316, -5.3918
1854.4409, -5.3824
1856.7393, -5.3824
1859.0487, -5.373
1861.358, -5.3636
1863.6673, -5.3542
1863.678, -5.3448
1865.9872, -5.3354
1868.2859, -5.3353
1868.2966, -5.326
1870.6059, -5.3166
1870.6167, -5.3072
1870.6274, -5.2979
1872.9367, -5.2885
1875.246, -5.2791
1877.5553, -5.2697
1879.8646, -5.2603
1882.1739, -5.2509
1884.4832, -5.2415
1886.7925, -5.2321
1889.0911, -5.232
1891.3896, -5.2319
1893.6882, -5.2319
1895.976, -5.2412
1898.2745, -5.2411
1900.5838, -5.2317
1902.8824, -5.2317
1905.1809, -5.2316
1907.4902, -5.2222
1909.7995, -5.2128
1912.0981, -5.2127
1914.4074, -5.2033
1916.7167, -5.1939
1919.0152, -5.1939
1921.3138, -5.1938
1923.6016, -5.2031
1925.9002, -5.203
1928.188, -5.2123
1930.4758, -5.2216
1932.7635, -5.2309
1935.0514, -5.2402
1935.0407, -5.2495
1937.3285, -5.2588
1937.3178, -5.2682
1939.6056, -5.2774
1939.5948, -5.2868
1939.584, -5.2961
1941.8719, -5.3054
1941.8612, -5.3148
1941.8504, -5.3241
1941.8397, -5.3335
1941.829, -5.3428
1944.1168, -5.3521
1944.106, -5.3614
1944.0953, -5.3708
1944.0846, -5.3801
1944.0738, -5.3895
1944.0631, -5.3988
1946.3509, -5.4081
1946.3401, -5.4175
1946.3294, -5.4268
1946.3187, -5.4361
1946.3079, -5.4455
1946.2972, -5.4548
1948.585, -5.4641
1948.5743, -5.4735
1948.5635, -5.4828
1948.5528, -5.4922
1950.8406, -5.5015
1950.8298, -5.5108
1950.8191, -5.5201
1950.8084, -5.5295
1950.7976, -5.5388
1950.7869, -5.5482
1950.7761, -5.5575
1950.7654, -5.5669
1953.0532, -5.5762
1953.0425, -5.5855
1953.0317, -5.5949
1953.021, -5.6042
1953.0103, -5.6135
1952.9995, -5.6229
1952.9888, -5.6322
1952.978, -5.6416
1955.2766, -5.6415
1957.5644, -5.6508
1957.5537, -5.6602
1959.8415, -5.6694
1959.8307, -5.6787
1959.8199, -5.6881
1959.8093, -5.6975
1959.7985, -5.7067
1959.7877, -5.7162
1959.777, -5.7255
1962.0648, -5.7348
1962.0541, -5.7442
1964.3418, -5.7534
1964.3312, -5.7628
1966.619, -5.7721
1968.9176, -5.772
1971.2054, -5.7812
1971.1945, -5.7906
1973.4932, -5.7906
1975.781, -5.7999
1975.7703, -5.8092
1978.0581, -5.8185
1980.3458, -5.8277
1980.3351, -5.8371
1980.3244, -5.8465
1982.6122, -5.8558
1982.6015, -5.8651
1982.5907, -5.8745
1982.58, -5.8838
1982.5693, -5.8932
1984.8571, -5.9024
1984.8463, -5.9118
1984.8356, -5.9211
1984.8248, -5.9304
1987.1127, -5.9398
1987.1019, -5.9491
1987.0912, -5.9585
1987.0804, -5.9678
1989.3683, -5.9771
1989.3575, -5.9864
1989.3468, -5.9958
1991.6346, -6.0051
1991.6239, -6.0144
1993.9117, -6.0237
1993.9009, -6.0331
1993.8902, -6.0424
1996.178, -6.0517
1996.1673, -6.061
1996.1565, -6.0704
1996.1458, -6.0796
1996.135, -6.0891
1996.1243, -6.0984
1996.1136, -6.1078
1996.1028, -6.1171
1996.0921, -6.1265
1996.0813, -6.1358
1996.0706, -6.1452
1996.0598, -6.1545
1996.0491, -6.1638
1996.0384, -6.1732
1996.0276, -6.1825
1998.3154, -6.1918
1998.3047, -6.2012
1998.294, -6.2105
1998.2832, -6.2199
2000.571, -6.2291
2002.8588, -6.2384
2005.1467, -6.2477
2007.4344, -6.257
2009.7223, -6.2663
2012.0101, -6.2756
2014.2979, -6.2849
2016.5857, -6.2942
2016.575, -6.3035
2016.5643, -6.3129
2018.8521, -6.3221
2021.1399, -6.3314
2021.1291, -6.3408
2023.4277, -6.3407
2025.7155, -6.35
2025.7048, -6.3593
2027.9926, -6.3686
2030.2804, -6.3779
