#DataThief /Users/villaa/./Desktop/Screen Shot 2019-02-11 at 12.20.03.png Monday 11-Feb-2019 12:23:25 PM
-26.26, -156.7358
-23.9499, -156.734
-21.6284, -156.249
-21.6174, -155.766
-19.296, -155.281
-16.9859, -155.2792
-14.6646, -154.7943
-12.3432, -154.3093
-10.0331, -154.3075
-7.7117, -153.8225
-5.4016, -153.8207
-3.0802, -153.3357
-0.7701, -153.3338
1.5401, -153.3321
3.8614, -152.8472
6.1716, -152.8453
8.4818, -152.8435
10.7919, -152.8417
13.1133, -152.3567
15.4234, -152.3549
17.7336, -152.3531
20.0549, -151.8681
22.3651, -151.8662
24.6753, -151.8645
26.9855, -151.8626
29.2955, -151.8608
31.6058, -151.859
33.916, -151.8571
36.2261, -151.8553
38.5363, -151.8535
40.8576, -151.3685
43.1678, -151.3667
45.478, -151.3649
47.7881, -151.363
50.0983, -151.3612
52.4085, -151.3593
54.7186, -151.3575
57.04, -150.8726
59.3501, -150.8707
61.6602, -150.8689
63.9705, -150.8671
66.2806, -150.8652
68.5908, -150.8634
70.901, -150.8616
73.2112, -150.8597
75.5213, -150.8578
77.8315, -150.8561
80.1417, -150.8542
82.4518, -150.8524
84.762, -150.8506
87.0722, -150.8487
89.3822, -150.8469
91.6925, -150.8451
94.0027, -150.8432
96.3017, -151.3245
96.2905, -151.8075
98.6007, -151.8058
100.9109, -151.8039
103.221, -151.8021
105.5312, -151.8003
105.5424, -151.3172
107.8525, -151.3153
110.1515, -151.7966
112.4617, -151.7947
114.7719, -151.7929
117.082, -151.7911
119.3811, -152.2723
121.6912, -152.2705
123.9902, -152.7518
126.2892, -153.233
128.5994, -153.2312
130.9096, -153.2294
133.2086, -153.7106
135.5188, -153.7088
137.8178, -154.1901
140.1168, -154.6713
142.4269, -154.6695
144.737, -154.6677
147.0361, -155.1489
149.3463, -155.1471
151.6453, -155.6284
153.9555, -155.6265
156.2545, -156.1078
158.5646, -156.106
160.8636, -156.5872
163.1627, -157.0685
165.4617, -157.5497
167.7607, -158.031
170.0597, -158.5123
172.3699, -158.5105
172.3587, -158.9936
172.3475, -159.4767
174.6465, -159.9579
174.6354, -160.441
174.6242, -160.9241
176.9232, -161.4054
176.9121, -161.8885
176.9009, -162.3716
176.8897, -162.8547
176.8786, -163.3378
176.8674, -163.8209
179.1663, -164.3022
179.1553, -164.7852
181.4543, -165.2665
183.7532, -165.7478
183.7421, -166.2309
183.7309, -166.714
186.03, -167.1953
186.0188, -167.6784
186.0077, -168.1615
188.3067, -168.6427
188.2955, -169.1258
188.2844, -169.6089
190.5834, -170.0902
190.5722, -170.5733
192.8712, -171.0546
192.8599, -171.5377
192.8489, -172.0208
195.1479, -172.502
195.1367, -172.9851
195.1256, -173.4682
197.4245, -173.9495
197.4134, -174.4325
197.4022, -174.9157
199.7013, -175.397
199.6901, -175.8801
201.9891, -176.3613
201.978, -176.8444
201.9668, -177.3275
201.9556, -177.8106
204.2546, -178.2919
204.2435, -178.775
204.2323, -179.2581
206.5312, -179.7393
206.5202, -180.2225
208.8192, -180.7037
208.808, -181.1868
208.7969, -181.6699
211.0959, -182.1512
211.0847, -182.6343
211.0735, -183.1174
213.3726, -183.5987
213.3614, -184.0818
213.3502, -184.5649
215.6493, -185.0461
215.6381, -185.5292
215.6269, -186.0123
217.9259, -186.4936
217.9148, -186.9767
217.9036, -187.4598
217.8925, -187.9428
220.1915, -188.4242
220.1803, -188.9073
220.1691, -189.3904
222.4682, -189.8716
222.457, -190.3547
224.756, -190.8359
224.7448, -191.3191
224.7337, -191.8022
227.0327, -192.2835
227.0215, -192.7666
227.0104, -193.2497
226.9992, -193.7328
229.2982, -194.214
229.2871, -194.6971
229.2759, -195.1802
231.5749, -195.6615
231.5636, -196.1446
233.8628, -196.6259
236.1618, -197.1071
236.1506, -197.5901
238.4496, -198.0715
238.4385, -198.5546
238.4273, -199.0377
240.7375, -199.0359
240.7486, -198.5528
243.07, -198.0678
240.7598, -198.0697
238.4607, -197.5884
240.7709, -197.5866
243.0811, -197.5847
245.4024, -197.0998
245.4136, -196.6167
247.7349, -196.1318
247.7461, -195.6487
250.0674, -195.1637
250.0786, -194.6806
250.0897, -194.1975
252.4111, -193.7126
252.4222, -193.2295
252.4334, -192.7464
254.7547, -192.2615
257.076, -191.7765
259.3862, -191.7747
261.7075, -191.2898
264.0289, -190.8048
266.3502, -190.3199
268.6604, -190.3181
270.9817, -189.8331
270.9929, -189.35
271.004, -188.8669
273.3254, -188.382
273.3365, -187.8989
275.6578, -187.4139
275.669, -186.9308
277.9903, -186.4459
280.3117, -185.9609
280.3228, -185.4779
282.6442, -184.9929
282.6553, -184.5098
284.9766, -184.0249
284.9878, -183.5417
287.3091, -183.0569
287.3203, -182.5737
289.6416, -182.0888
289.6528, -181.6057
291.9741, -181.1208
291.9853, -180.6377
294.3066, -180.1528
294.3178, -179.6697
296.6391, -179.1847
298.9604, -178.6998
298.9716, -178.2167
301.2929, -177.7318
301.3041, -177.2487
303.6141, -177.2468
305.9356, -176.7619
305.9466, -176.2788
305.9579, -175.7957
308.2681, -175.7938
310.5894, -175.3089
312.9106, -174.8239
315.232, -174.339
315.2432, -173.8559
317.5645, -173.371
319.8859, -172.886
322.2072, -172.4011
324.5285, -171.9162
324.5396, -171.4331
326.861, -170.9482
329.1823, -170.4632
331.5037, -169.9783
331.5148, -169.4952
333.825, -169.4934
336.1463, -169.0084
336.1575, -168.5253
336.1686, -168.0422
338.49, -167.5573
338.5011, -167.0742
340.8225, -166.5892
343.1326, -166.5874
345.454, -166.1025
347.7753, -165.6175
347.7865, -165.1344
350.1078, -164.6495
352.4291, -164.1646
354.7504, -163.6796
357.0718, -163.1947
357.0829, -162.7116
359.4043, -162.2267
361.7256, -161.7417
364.0358, -161.7399
366.3458, -161.7381
368.6561, -161.7362
370.9663, -161.7344
373.2764, -161.7326
375.5866, -161.7307
377.8968, -161.7288
380.2069, -161.7271
382.5059, -162.2083
384.8161, -162.2065
387.1263, -162.2046
389.4365, -162.2028
391.7466, -162.201
394.0456, -162.6822
396.3558, -162.6804
398.6548, -163.1617
400.9538, -163.6429
403.264, -163.6411
403.2528, -164.1242
405.5518, -164.6055
407.8508, -165.0867
407.8397, -165.5697
407.8285, -166.0529
410.1275, -166.5342
410.1164, -167.0173
412.4154, -167.4986
412.4042, -167.9817
412.3931, -168.4647
412.3819, -168.9479
412.3707, -169.431
412.3596, -169.9141
414.6585, -170.3953
414.6474, -170.8784
416.9464, -171.3597
416.9353, -171.8428
419.2454, -171.841
419.2343, -172.3241
421.5333, -172.8053
421.5221, -173.2884
421.511, -173.7715
421.4998, -174.2546
421.4887, -174.7377
423.7877, -175.219
423.7765, -175.7021
426.0867, -175.7003
428.3857, -176.1815
430.6846, -176.6627
432.9837, -177.1441
435.2939, -177.1421
437.5929, -177.6235
439.8919, -178.1048
442.1909, -178.5859
444.5011, -178.5842
446.8001, -179.0655
449.1102, -179.0636
451.4092, -179.5449
453.7194, -179.5431
453.7083, -180.0262
456.0184, -180.0243
458.3174, -180.5056
460.6276, -180.5038
462.9378, -180.5019
465.2479, -180.5001
465.2591, -180.017
465.2703, -179.5339
465.2814, -179.0508
467.6028, -178.5659
467.6139, -178.0828
467.6251, -177.5997
467.6362, -177.1166
467.6474, -176.6335
469.9687, -176.1485
469.9799, -175.6654
469.991, -175.1823
472.3124, -174.6974
472.3235, -174.2143
472.3347, -173.7311
472.3458, -173.2481
472.357, -172.765
472.3682, -172.2819
472.3793, -171.7988
474.7006, -171.3139
474.7118, -170.8307
474.7229, -170.3476
474.7341, -169.8645
477.0555, -169.3796
477.0666, -168.8965
479.388, -168.4116
479.3991, -167.9285
479.4102, -167.4454
481.7316, -166.9604
481.7428, -166.4773
484.0641, -165.9924
486.3854, -165.5074
488.6956, -165.5056
491.0169, -165.0207
493.3271, -165.0189
495.6373, -165.017
497.9586, -164.5321
500.2799, -164.0472
502.6013, -163.5622
504.9226, -163.0773
507.2439, -162.5924
509.5541, -162.5905
509.5652, -162.1074
511.8754, -162.1056
514.1967, -161.6206
516.5069, -161.6188
518.8282, -161.1339
521.1496, -160.6489
523.4597, -160.6471
525.7699, -160.6453
528.0801, -160.6434
530.3791, -161.1247
530.3679, -161.6078
530.3568, -162.0909
530.3456, -162.5739
532.6558, -162.5722
534.9548, -163.0534
537.2649, -163.0516
539.5751, -163.0498
541.874, -163.531
544.1843, -163.5292
546.4945, -163.5274
548.8157, -163.0424
551.126, -163.0406
553.4361, -163.0388
555.7463, -163.0369
558.0565, -163.0351
560.3778, -162.5502
562.688, -162.5483
564.9981, -162.5465
567.3083, -162.5447
569.6185, -162.5428
571.9398, -162.0579
574.25, -162.0561
576.5601, -162.0542
578.8591, -162.5354
581.1582, -163.0167
581.147, -163.4999
581.1358, -163.983
583.4348, -164.4642
583.4237, -164.9473
583.4125, -165.4304
585.7115, -165.9117
585.7004, -166.3948
587.9994, -166.8761
587.9882, -167.3592
587.9771, -167.8423
590.2761, -168.3235
590.2649, -168.8066
590.2538, -169.2897
590.2426, -169.7728
590.2314, -170.2559
590.2203, -170.7389
592.5192, -171.2203
592.5081, -171.7034
594.8071, -172.1847
594.796, -172.6678
594.7848, -173.1509
597.0838, -173.632
597.0727, -174.1152
597.0615, -174.5983
597.0503, -175.0814
597.0392, -175.5645
599.3382, -176.0458
599.327, -176.5289
599.3159, -177.012
599.3047, -177.495
601.6037, -177.9764
601.5926, -178.4595
603.8916, -178.9407
603.8803, -179.4238
603.8692, -179.9069
603.858, -180.39
606.1571, -180.8713
606.1459, -181.3544
608.4449, -181.8357
608.4338, -182.3188
610.7328, -182.8
610.7216, -183.2831
613.0318, -183.2812
613.0206, -183.7644
615.3195, -184.2457
615.3085, -184.7288
615.2973, -185.2119
615.2862, -185.6949
617.5852, -186.1762
617.5739, -186.6593
619.873, -187.1406
619.8618, -187.6237
622.1609, -188.105
624.4599, -188.5862
624.4487, -189.0693
624.4376, -189.5524
624.4264, -190.0355
626.7366, -190.0337
629.0356, -190.515
631.3346, -190.9962
633.6336, -191.4775
635.9325, -191.9588
638.2316, -192.44
640.5306, -192.9213
640.5194, -193.4043
640.5083, -193.8875
642.8073, -194.3688
642.7961, -194.8519
645.0952, -195.3331
647.3942, -195.8144
649.6932, -196.2957
652.0033, -196.2938
654.3135, -196.292
656.6237, -196.2902
656.6348, -195.8071
658.9562, -195.3221
658.9673, -194.839
661.2887, -194.3541
663.6099, -193.8691
663.6211, -193.386
663.6322, -192.9029
663.6435, -192.4198
665.9647, -191.9348
665.976, -191.4518
665.987, -190.9687
665.9983, -190.4856
665.987, -190.9687
663.6658, -191.4536
663.6545, -191.9367
663.6435, -192.4198
661.3221, -192.9048
661.311, -193.3879
661.2998, -193.871
658.9896, -193.8728
658.9785, -194.3559
656.6572, -194.8409
656.646, -195.324
654.3247, -195.8089
652.0145, -195.8107
649.7043, -195.8126
647.4053, -195.3313
645.1063, -194.85
645.1175, -194.3669
642.8185, -193.8857
642.8296, -193.4026
642.8408, -192.9195
640.5417, -192.4382
638.2428, -191.9569
638.2539, -191.4738
635.9548, -190.9926
633.6559, -190.5112
631.3569, -190.03
629.0579, -189.5488
626.7477, -189.5506
626.7589, -189.0675
624.4487, -189.0693
622.1497, -188.588
622.1609, -188.105
622.172, -187.6219
619.873, -187.1406
619.8841, -186.6575
619.8953, -186.1743
617.5963, -185.6931
617.6075, -185.21
617.6187, -184.7269
617.6298, -184.2438
615.3308, -183.7626
615.342, -183.2795
613.043, -182.7982
610.7439, -182.3169
610.7551, -181.8338
608.4561, -181.3526
608.4673, -180.8695
606.1682, -180.3881
606.1794, -179.9051
606.1905, -179.422
606.2017, -178.9388
603.9026, -178.4576
603.9139, -177.9745
603.925, -177.4914
603.9362, -177.0083
601.6372, -176.5271
601.6484, -176.044
601.6595, -175.5609
599.3605, -175.0796
599.3717, -174.5965
599.3828, -174.1134
599.394, -173.6303
597.095, -173.149
597.1061, -172.6659
597.1173, -172.1828
594.8183, -171.7016
594.8294, -171.2185
594.8406, -170.7354
592.5415, -170.2541
592.5528, -169.771
590.2538, -169.2897
587.9546, -168.8085
587.9659, -168.3254
585.6669, -167.8441
585.6781, -167.361
585.6892, -166.8779
583.3902, -166.3966
583.4014, -165.9135
581.1024, -165.4323
581.1135, -164.9492
581.1247, -164.4661
578.8256, -163.9848
578.8368, -163.5017
578.8479, -163.0186
576.549, -162.5373
574.2388, -162.5392
571.9285, -162.541
569.6296, -162.0597
567.3195, -162.0616
565.0093, -162.0634
562.6991, -162.0652
560.389, -162.0671
558.0676, -162.552
555.7574, -162.5537
553.4473, -162.5556
551.1371, -162.5575
548.8157, -163.0424
546.5056, -163.0443
544.1955, -163.0461
541.8853, -163.0479
539.564, -163.5329
537.2538, -163.5347
534.9325, -164.0196
534.9436, -163.5365
532.6446, -163.0553
532.6558, -162.5722
530.3568, -162.0909
528.0578, -161.6096
528.0689, -161.1265
525.7587, -161.1284
523.4485, -161.1302
521.1384, -161.132
518.8282, -161.1339
516.5181, -161.1357
514.1967, -161.6206
511.8754, -162.1056
509.5541, -162.5905
507.2328, -163.0755
504.9114, -163.5604
502.5901, -164.0453
500.2688, -164.5303
497.9474, -165.0152
495.6261, -165.5001
493.3159, -165.502
491.0058, -165.5038
488.6844, -165.9887
486.3743, -165.9906
484.0529, -166.4755
484.0418, -166.9586
481.7204, -167.4435
481.7093, -167.9266
481.6981, -168.4097
479.3768, -168.8947
479.3656, -169.3778
477.0443, -169.8627
477.0332, -170.3458
477.022, -170.8289
477.0108, -171.312
474.6895, -171.797
474.6783, -172.2801
474.6672, -172.7631
472.3458, -173.2481
470.0245, -173.733
470.0134, -174.2161
470.0022, -174.6992
467.6808, -175.1842
467.6697, -175.6673
467.6585, -176.1504
465.3372, -176.6353
465.3261, -177.1184
465.3149, -177.6015
465.3037, -178.0846
465.2926, -178.5676
462.9713, -179.0526
462.9601, -179.5356
462.9489, -180.0188
462.9378, -180.5019
462.9266, -180.9849
460.6164, -180.9868
458.3063, -180.9887
456.0073, -180.5074
453.7083, -180.0262
451.3981, -180.028
451.4092, -179.5449
449.1102, -179.0636
446.8001, -179.0655
444.5011, -178.5842
442.2021, -178.1029
439.903, -177.6217
437.604, -177.1404
435.305, -176.6591
432.9949, -176.661
430.6958, -176.1797
428.3968, -175.6984
426.0977, -175.2172
423.7988, -174.7359
423.81, -174.2528
423.8211, -173.7697
423.8323, -173.2866
421.5333, -172.8053
421.5445, -172.3222
419.2454, -171.841
416.9464, -171.3597
416.9576, -170.8766
416.9687, -170.3935
414.6697, -169.9122
414.6808, -169.4291
412.3819, -168.9479
410.0829, -168.4666
410.0941, -167.9835
410.1052, -167.5004
410.1164, -167.0173
407.8174, -166.536
407.8285, -166.0529
405.5295, -165.5716
405.5407, -165.0886
403.2417, -164.6073
400.9426, -164.126
398.6436, -163.6448
396.3446, -163.1635
394.0345, -163.1653
391.7355, -162.6841
389.4253, -162.6859
387.1151, -162.6878
384.805, -162.6896
382.4948, -162.6914
380.1846, -162.6933
380.1958, -162.2102
377.8856, -162.212
375.5754, -162.2138
373.2652, -162.2157
370.955, -162.2175
368.6449, -162.2193
366.3348, -162.2212
364.0246, -162.223
361.7144, -162.2248
359.3931, -162.7098
359.3819, -163.1929
357.0606, -163.6778
354.7393, -164.1627
352.4179, -164.6477
350.0966, -165.1326
350.0855, -165.6157
347.7641, -166.1006
345.4428, -166.5856
343.1215, -167.0705
340.8113, -167.0723
340.8001, -167.5554
338.4788, -168.0404
338.4677, -168.5234
340.789, -168.0386
343.1103, -167.5535
343.1215, -167.0705
345.4316, -167.0687
347.753, -166.5836
347.7641, -166.1006
350.0855, -165.6157
352.4068, -165.1308
354.7281, -164.6458
354.7393, -164.1627
357.0493, -164.1609
357.0606, -163.6778
359.3819, -163.1929
361.7033, -162.7079
