1.00000000E-03	3.3666215929E+00
5.12462312E-02	3.9387510677E+01
1.01492462E-01	5.4222148533E+01
1.51738693E-01	6.3682968545E+01
2.01984925E-01	7.0350972269E+01
2.52231156E-01	7.5282770239E+01
3.02477387E-01	7.9030962795E+01
3.52723618E-01	8.1924798015E+01
4.02969849E-01	8.4177344238E+01
4.53216080E-01	8.5934643920E+01
5.03462312E-01	8.7301138581E+01
5.53708543E-01	8.8354000144E+01
6.03954774E-01	8.9151750198E+01
6.54201005E-01	8.9739714014E+01
7.04447236E-01	9.0153615984E+01
7.54693467E-01	9.0422031213E+01
8.04939698E-01	9.0568105198E+01
8.55185930E-01	9.0610789564E+01
9.05432161E-01	9.0565748682E+01
9.55678392E-01	9.0446037004E+01
1.00592462E+00	9.0262613200E+01
1.05617085E+00	9.0024735979E+01
1.10641709E+00	8.9740272668E+01
1.15666332E+00	8.9415942511E+01
1.20690955E+00	8.9057510466E+01
1.25715578E+00	8.8669943008E+01
1.30740201E+00	8.8257534432E+01
1.35764824E+00	8.7824010047E+01
1.40789447E+00	8.7372611083E+01
1.45814070E+00	8.6906164998E+01
1.50838693E+00	8.6427144059E+01
1.55863317E+00	8.5937714423E+01
1.60887940E+00	8.5439777461E+01
1.65912563E+00	8.4935004725E+01
1.70937186E+00	8.4424867681E+01
1.75961809E+00	8.3910663075E+01
1.80986432E+00	8.3393534672E+01
1.86011055E+00	8.2874491955E+01
1.91035678E+00	8.2354426263E+01
1.96060302E+00	8.1834124758E+01
2.01084925E+00	8.1314282562E+01
2.06109548E+00	8.0795513324E+01
2.11134171E+00	8.0278358447E+01
2.16158794E+00	7.9763295173E+01
2.21183417E+00	7.9250743673E+01
2.26208040E+00	7.8741073288E+01
2.31232663E+00	7.8234608031E+01
2.36257286E+00	7.7731631446E+01
2.41281910E+00	7.7232390911E+01
2.46306533E+00	7.6737101440E+01
2.51331156E+00	7.6245949100E+01
2.56355779E+00	7.5759094016E+01
2.61380402E+00	7.5276673029E+01
2.66405025E+00	7.4798802132E+01
2.71429648E+00	7.4325578599E+01
2.76454271E+00	7.3857082905E+01
2.81478894E+00	7.3393380438E+01
2.86503518E+00	7.2934523084E+01
2.91528141E+00	7.2480550510E+01
2.96552764E+00	7.2031491533E+01
3.01577387E+00	7.1587365166E+01
3.06602010E+00	7.1148181644E+01
3.11626633E+00	7.0713943342E+01
3.16651256E+00	7.0284645588E+01
3.21675879E+00	6.9860277406E+01
3.26700503E+00	6.9440822192E+01
3.31725126E+00	6.9026258316E+01
3.36749749E+00	6.8616559669E+01
3.41774372E+00	6.8211696162E+01
3.46798995E+00	6.7811634170E+01
3.51823618E+00	6.7416336963E+01
3.56848241E+00	6.7025765022E+01
3.61872864E+00	6.6639876438E+01
3.66897487E+00	6.6258627161E+01
3.71922111E+00	6.5881971319E+01
3.76946734E+00	6.5509861429E+01
3.81971357E+00	6.5142248657E+01
3.86995980E+00	6.4779082991E+01
3.92020603E+00	6.4420313459E+01
3.97045226E+00	6.4065888271E+01
4.02069849E+00	6.3715754981E+01
4.07094472E+00	6.3369860641E+01
4.12119095E+00	6.3028151896E+01
4.17143719E+00	6.2690575128E+01
4.22168342E+00	6.2357076529E+01
4.27192965E+00	6.2027602245E+01
4.32217588E+00	6.1702098373E+01
4.37242211E+00	6.1380511118E+01
4.42266834E+00	6.1062786834E+01
4.47291457E+00	6.0748872065E+01
4.52316080E+00	6.0438713640E+01
4.57340704E+00	6.0132258672E+01
4.62365327E+00	5.9829454661E+01
4.67389950E+00	5.9530249468E+01
4.72414573E+00	5.9234591415E+01
4.77439196E+00	5.8942429255E+01
4.82463819E+00	5.8653712253E+01
4.87488442E+00	5.8368390175E+01
4.92513065E+00	5.8086413322E+01
4.97537688E+00	5.7807732548E+01
5.02562312E+00	5.7532299265E+01
5.07586935E+00	5.7260065480E+01
5.12611558E+00	5.6990983780E+01
5.17636181E+00	5.6725007359E+01
5.22660804E+00	5.6462090023E+01
5.27685427E+00	5.6202186172E+01
5.32710050E+00	5.5945250859E+01
5.37734673E+00	5.5691239737E+01
5.42759296E+00	5.5440109082E+01
5.47783920E+00	5.5191815815E+01
5.52808543E+00	5.4946317465E+01
5.57833166E+00	5.4703572193E+01
5.62857789E+00	5.4463538779E+01
5.67882412E+00	5.4226176642E+01
5.72907035E+00	5.3991445792E+01
5.77931658E+00	5.3759306871E+01
5.82956281E+00	5.3529721132E+01
5.87980905E+00	5.3302650416E+01
5.93005528E+00	5.3078057194E+01
5.98030151E+00	5.2855904507E+01
6.03054774E+00	5.2636155995E+01
6.08079397E+00	5.2418775879E+01
6.13104020E+00	5.2203728954E+01
6.18128643E+00	5.1990980605E+01
6.23153266E+00	5.1780496751E+01
6.28177889E+00	5.1572243886E+01
6.33202513E+00	5.1366189051E+01
6.38227136E+00	5.1162299824E+01
6.43251759E+00	5.0960544314E+01
6.48276382E+00	5.0760891186E+01
6.53301005E+00	5.0563309591E+01
6.58325628E+00	5.0367769205E+01
6.63350251E+00	5.0174240212E+01
6.68374874E+00	4.9982693291E+01
6.73399497E+00	4.9793099615E+01
6.78424121E+00	4.9605430825E+01
6.83448744E+00	4.9419659063E+01
6.88473367E+00	4.9235756920E+01
6.93497990E+00	4.9053697442E+01
6.98522613E+00	4.8873454142E+01
7.03547236E+00	4.8695000971E+01
7.08571859E+00	4.8518312319E+01
7.13596482E+00	4.8343362999E+01
7.18621106E+00	4.8170128271E+01
7.23645729E+00	4.7998583786E+01
7.28670352E+00	4.7828705610E+01
7.33694975E+00	4.7660470217E+01
7.38719598E+00	4.7493854473E+01
7.43744221E+00	4.7328835634E+01
7.48768844E+00	4.7165391339E+01
7.53793467E+00	4.7003499589E+01
7.58818090E+00	4.6843138779E+01
7.63842714E+00	4.6684287642E+01
7.68867337E+00	4.6526925278E+01
7.73891960E+00	4.6371031135E+01
7.78916583E+00	4.6216585002E+01
7.83941206E+00	4.6063567010E+01
7.88965829E+00	4.5911957616E+01
7.93990452E+00	4.5761737590E+01
7.99015075E+00	4.5612888056E+01
8.04039698E+00	4.5465390420E+01
8.09064322E+00	4.5319226410E+01
8.14088945E+00	4.5174378048E+01
8.19113568E+00	4.5030827661E+01
8.24138191E+00	4.4888557863E+01
8.29162814E+00	4.4747551563E+01
8.34187437E+00	4.4607791920E+01
8.39212060E+00	4.4469262419E+01
8.44236683E+00	4.4331946780E+01
8.49261307E+00	4.4195828998E+01
8.54285930E+00	4.4060893332E+01
8.59310553E+00	4.3927124293E+01
8.64335176E+00	4.3794506649E+01
8.69359799E+00	4.3663025406E+01
8.74384422E+00	4.3532665834E+01
8.79409045E+00	4.3403413415E+01
8.84433668E+00	4.3275253882E+01
8.89458291E+00	4.3148173191E+01
8.94482915E+00	4.3022157526E+01
8.99507538E+00	4.2897193295E+01
9.04532161E+00	4.2773267112E+01
9.09556784E+00	4.2650365828E+01
9.14581407E+00	4.2528476479E+01
9.19606030E+00	4.2407586319E+01
9.24630653E+00	4.2287682804E+01
9.29655276E+00	4.2168753590E+01
9.34679899E+00	4.2050786512E+01
9.39704523E+00	4.1933769627E+01
9.44729146E+00	4.1817691153E+01
9.49753769E+00	4.1702539505E+01
9.54778392E+00	4.1588303270E+01
9.59803015E+00	4.1474971230E+01
9.64827638E+00	4.1362532325E+01
9.69852261E+00	4.1250975674E+01
9.74876884E+00	4.1140290573E+01
9.79901508E+00	4.1030466469E+01
9.84926131E+00	4.0921492960E+01
9.89950754E+00	4.0813359845E+01
9.94975377E+00	4.0706057049E+01
1.00000000E+01	4.0599574653E+01
