1.00000000e-01	192.07401747
3.50300601e-01	213.78161394
6.00601202e-01	233.64469067
8.50901804e-01	252.04230459
1.10120240e+00	269.22771778
1.35150301e+00	285.38053527
1.60180361e+00	300.63407164
1.85210421e+00	315.09087706
2.10240481e+00	328.83216693
2.35270541e+00	341.92383591
2.60300601e+00	354.42043881
2.85330661e+00	366.36791158
3.10360721e+00	377.80552954
3.35390782e+00	388.76730244
3.60420842e+00	399.28299398
3.85450902e+00	409.37894091
4.10480962e+00	419.07862873
4.35511022e+00	428.40315996
4.60541082e+00	437.37164657
4.85571142e+00	446.00148469
5.10601202e+00	454.30861328
5.35631263e+00	462.30768538
5.60661323e+00	470.01225505
5.85691383e+00	477.43490234
6.10721443e+00	484.58733753
6.35751503e+00	491.48050508
6.60781563e+00	498.12467263
6.85811623e+00	504.52948024
7.10841683e+00	510.70402234
7.35871743e+00	516.65688023
7.60901804e+00	522.39617583
7.85931864e+00	527.92961296
8.10961924e+00	533.26450712
8.35991984e+00	538.4078375
8.61022044e+00	543.36622621
8.86052104e+00	548.14610875
9.11082164e+00	552.75324703
9.36112224e+00	557.19372199
9.61142285e+00	561.47297758
9.86172345e+00	565.59634639
1.01120240e+01	569.56891623
1.03623246e+01	573.39559187
1.06126253e+01	577.08109187
1.08629259e+01	580.62994403
1.11132265e+01	584.04651259
1.13635271e+01	587.33501289
1.16138277e+01	590.49948444
1.18641283e+01	593.54385796
1.21144289e+01	596.4718978
1.23647295e+01	599.28724491
1.26150301e+01	601.99343212
1.28653307e+01	604.59387041
1.31156313e+01	607.09183223
1.33659319e+01	609.49052811
1.36162325e+01	611.79302982
1.38665331e+01	614.00231574
1.41168337e+01	616.1212949
1.43671343e+01	618.15276244
1.46174349e+01	620.09943555
1.48677355e+01	621.96395522
1.51180361e+01	623.74885184
1.53683367e+01	625.45662686
1.56186373e+01	627.08967574
1.58689379e+01	628.65033993
1.61192385e+01	630.14086875
1.63695391e+01	631.56346645
1.66198397e+01	632.9202787
1.68701403e+01	634.21336814
1.71204409e+01	635.44475562
1.73707415e+01	636.6164172
1.76210421e+01	637.73023193
1.78713427e+01	638.78804604
1.81216433e+01	639.79172614
1.83719439e+01	640.74294891
1.86222445e+01	641.6434456
1.88725451e+01	642.49489297
1.91228457e+01	643.29887697
1.93731463e+01	644.05698664
1.96234469e+01	644.77075288
1.98737475e+01	645.44165498
2.01240481e+01	646.07114974
2.03743487e+01	646.66067525
2.06246493e+01	647.21157667
2.08749499e+01	647.72521918
2.11252505e+01	648.20291527
2.13755511e+01	648.6459325
2.16258517e+01	649.05552649
2.18761523e+01	649.43293477
2.21264529e+01	649.77932817
2.23767535e+01	650.09587921
2.26270541e+01	650.38373214
2.28773547e+01	650.64398779
2.31276553e+01	650.87774703
2.33779559e+01	651.0860821
2.36282565e+01	651.27005569
2.38785571e+01	651.43066297
2.41288577e+01	651.56892843
2.43791583e+01	651.68587655
2.46294589e+01	651.7824318
2.48797595e+01	651.85960231
2.51300601e+01	651.91834166
2.53803607e+01	651.95954794
2.56306613e+01	651.98420404
2.58809619e+01	651.99321901
2.61312625e+01	651.98748385
2.63815631e+01	651.96796143
2.66318637e+01	651.93556573
2.68821643e+01	651.8911695
2.71324649e+01	651.83574451
2.73827655e+01	651.77023011
2.76330661e+01	651.69551489
2.78833667e+01	651.61261834
2.81336673e+01	651.52250611
2.83839679e+01	651.42614814
2.86342685e+01	651.32462969
2.88845691e+01	651.21903464
2.91348697e+01	651.11042163
2.93851703e+01	651.00003423
2.96354709e+01	650.8891128
2.98857715e+01	650.77892239
3.01360721e+01	650.67095351
3.03863727e+01	650.56668934
3.06366733e+01	650.46779709
3.08869739e+01	650.37609966
3.11372745e+01	650.2936176
3.13875752e+01	650.22257812
3.16378758e+01	650.16550445
3.18881764e+01	650.12520352
3.21384770e+01	650.10497625
3.23887776e+01	650.10853277
3.26390782e+01	650.14025228
3.28893788e+01	650.20531065
3.31396794e+01	650.30980338
3.33899800e+01	650.46112203
3.36402806e+01	650.66827579
3.38905812e+01	650.94239957
3.41408818e+01	651.29752194
3.43911824e+01	651.75161336
3.46414830e+01	652.32034392
3.48917836e+01	652.67642863
3.51420842e+01	652.64642088
3.53923848e+01	652.2350894
3.56426854e+01	651.43729001
3.58929860e+01	650.23832182
3.61432866e+01	648.61310573
3.63935872e+01	646.52534749
3.66438878e+01	644.33331336
3.68941884e+01	642.32183611
3.71444890e+01	640.46246557
3.73947896e+01	638.73316928
3.76450902e+01	637.11646091
3.78953908e+01	635.59821479
3.81456914e+01	634.16685252
3.83959920e+01	632.81276384
3.86462926e+01	631.52788371
3.88965932e+01	630.30537713
3.91468938e+01	629.13940039
3.93971944e+01	628.02491731
3.96474950e+01	626.9575562
3.98977956e+01	625.93349702
4.01480962e+01	624.94938152
4.03983968e+01	624.00224089
4.06486974e+01	623.08943712
4.08989980e+01	622.20861494
4.11492986e+01	621.35766221
4.13995992e+01	620.53467704
4.16498998e+01	619.7379403
4.19002004e+01	618.96589249
4.21505010e+01	618.21711418
4.24008016e+01	617.49030938
4.26511022e+01	616.78429132
4.29014028e+01	616.0979702
4.31517034e+01	615.4303427
4.34020040e+01	614.78048284
4.36523046e+01	614.14753399
4.39026052e+01	613.53070198
4.41529058e+01	612.92924901
4.44032064e+01	612.34248825
4.46535070e+01	611.76977919
4.49038076e+01	611.2105234
4.51541082e+01	610.66416086
4.54044088e+01	610.13016662
4.56547094e+01	609.60804709
4.59050100e+01	609.09734053
4.61553106e+01	608.59760994
4.64056112e+01	608.1084441
4.66559118e+01	607.62945486
4.69062124e+01	607.16027538
4.71565130e+01	606.70055855
4.74068136e+01	606.2499756
4.76571142e+01	605.80821475
4.79074148e+01	605.37498005
4.81577154e+01	604.94999032
4.84080160e+01	604.5329781
4.86583166e+01	604.12368882
4.89086172e+01	603.72187991
4.91589178e+01	603.32732005
4.94092184e+01	602.93978849
4.96595190e+01	602.55907438
4.99098196e+01	602.18497619
5.01601202e+01	601.81730114
5.04104208e+01	601.45586469
5.06607214e+01	601.10049008
5.09110220e+01	600.75100788
5.11613226e+01	600.4072556
5.14116232e+01	600.06907728
5.16619238e+01	599.73632315
5.19122244e+01	599.4088493
5.21625251e+01	599.08651741
5.24128257e+01	598.76919438
5.26631263e+01	598.45675215
5.29134269e+01	598.14906738
5.31637275e+01	597.84602126
5.34140281e+01	597.54749926
5.36643287e+01	597.25339096
5.39146293e+01	596.96358981
5.41649299e+01	596.67799297
5.44152305e+01	596.39650115
5.46655311e+01	596.11901842
5.49158317e+01	595.84545207
5.51661323e+01	595.57571249
5.54164329e+01	595.30971299
5.56667335e+01	595.04736969
5.59170341e+01	594.78860144
5.61673347e+01	594.53332962
5.64176353e+01	594.28147811
5.66679359e+01	594.03297314
5.69182365e+01	593.78774322
5.71685371e+01	593.54571902
5.74188377e+01	593.30683333
5.76691383e+01	593.07102091
5.79194389e+01	592.83821847
5.81697395e+01	592.60836456
5.84200401e+01	592.38139951
5.86703407e+01	592.15726536
5.89206413e+01	591.93590582
5.91709419e+01	591.71726614
5.94212425e+01	591.50129314
5.96715431e+01	591.28793508
5.99218437e+01	591.07714167
6.01721443e+01	590.86886394
6.04224449e+01	590.66305428
6.06727455e+01	590.45966632
6.09230461e+01	590.25865493
6.11733467e+01	590.05997617
6.14236473e+01	589.86358722
6.16739479e+01	589.66944639
6.19242485e+01	589.47751304
6.21745491e+01	589.28774756
6.24248497e+01	589.10011134
6.26751503e+01	588.91456674
6.29254509e+01	588.73107705
6.31757515e+01	588.54960644
6.34260521e+01	588.37011999
6.36763527e+01	588.1925836
6.39266533e+01	588.01696399
6.41769539e+01	587.84322869
6.44272545e+01	587.67134596
6.46775551e+01	587.50128486
6.49278557e+01	587.33301512
6.51781563e+01	587.1665072
6.54284569e+01	587.00173223
6.56787575e+01	586.83866199
6.59290581e+01	586.67726892
6.61793587e+01	586.51752606
6.64296593e+01	586.35940706
6.66799599e+01	586.20288615
6.69302605e+01	586.04793814
6.71805611e+01	585.89453837
6.74308617e+01	585.74266274
6.76811623e+01	585.59228765
6.79314629e+01	585.44339001
6.81817635e+01	585.29594724
6.84320641e+01	585.14993722
6.86823647e+01	585.0053383
6.89326653e+01	584.86212928
6.91829659e+01	584.7202894
6.94332665e+01	584.57979833
6.96835671e+01	584.44063617
6.99338677e+01	584.3027834
7.01841683e+01	584.16622092
7.04344689e+01	584.03093
7.06847695e+01	583.89689228
7.09350701e+01	583.76408979
7.11853707e+01	583.63250489
7.14356713e+01	583.50212031
7.16859719e+01	583.37291908
7.19362725e+01	583.2448846
7.21865731e+01	583.11800058
7.24368737e+01	582.99225102
7.26871743e+01	582.86762026
7.29374749e+01	582.74409291
7.31877756e+01	582.6216539
7.34380762e+01	582.5002884
7.36883768e+01	582.3799819
7.39386774e+01	582.26072014
7.41889780e+01	582.14248911
7.44392786e+01	582.0252751
7.46895792e+01	581.9090646
7.49398798e+01	581.79384438
7.51901804e+01	581.67960143
7.54404810e+01	581.566323
7.56907816e+01	581.45399653
7.59410822e+01	581.34260972
7.61913828e+01	581.23215047
7.64416834e+01	581.12260689
7.66919840e+01	581.01396731
7.69422846e+01	580.90622025
7.71925852e+01	580.79935445
7.74428858e+01	580.69335883
7.76931864e+01	580.58822249
7.79434870e+01	580.48393474
7.81937876e+01	580.38048505
7.84440882e+01	580.27786309
7.86943888e+01	580.1760587
7.89446894e+01	580.07506186
7.91949900e+01	579.97486276
7.94452906e+01	579.87545173
7.96955912e+01	579.77681925
7.99458918e+01	579.67895599
8.01961924e+01	579.58185275
8.04464930e+01	579.48550048
8.06967936e+01	579.38989027
8.09470942e+01	579.29501338
8.11973948e+01	579.20086118
8.14476954e+01	579.10742521
8.16979960e+01	579.01469711
8.19482966e+01	578.92266869
8.21985972e+01	578.83133185
8.24488978e+01	578.74067865
8.26991984e+01	578.65070125
8.29494990e+01	578.56139196
8.31997996e+01	578.47274318
8.34501002e+01	578.38474744
8.37004008e+01	578.29739739
8.39507014e+01	578.21068579
8.42010020e+01	578.12460551
8.44513026e+01	578.03914951
8.47016032e+01	577.9543109
8.49519038e+01	577.87008284
8.52022044e+01	577.78645863
8.54525050e+01	577.70343166
8.57028056e+01	577.62099542
8.59531062e+01	577.5391435
8.62034068e+01	577.45786956
8.64537074e+01	577.37716739
8.67040080e+01	577.29703083
8.69543086e+01	577.21745386
8.72046092e+01	577.1384305
8.74549098e+01	577.05995489
8.77052104e+01	576.98202123
8.79555110e+01	576.90462381
8.82058116e+01	576.82775702
8.84561122e+01	576.7514153
8.87064128e+01	576.6755932
8.89567134e+01	576.60028531
8.92070140e+01	576.52548634
8.94573146e+01	576.45119103
8.97076152e+01	576.37739422
8.99579158e+01	576.30409082
9.02082164e+01	576.23127581
9.04585170e+01	576.15894423
9.07088176e+01	576.08709119
9.09591182e+01	576.01571187
9.12094188e+01	575.94480153
9.14597194e+01	575.87435547
9.17100200e+01	575.80436906
9.19603206e+01	575.73483775
9.22106212e+01	575.66575702
9.24609218e+01	575.59712245
9.27112224e+01	575.52892964
9.29615230e+01	575.46117427
9.32118236e+01	575.39385208
9.34621242e+01	575.32695886
9.37124248e+01	575.26049044
9.39627255e+01	575.19444273
9.42130261e+01	575.12881168
9.44633267e+01	575.0635933
9.47136273e+01	574.99878364
9.49639279e+01	574.93437882
9.52142285e+01	574.87037498
9.54645291e+01	574.80676834
9.57148297e+01	574.74355514
9.59651303e+01	574.68073171
9.62154309e+01	574.61829438
9.64657315e+01	574.55623955
9.67160321e+01	574.49456367
9.69663327e+01	574.43326322
9.72166333e+01	574.37233473
9.74669339e+01	574.31177478
9.77172345e+01	574.25157998
9.79675351e+01	574.19174698
9.82178357e+01	574.1322725
9.84681363e+01	574.07315327
9.87184369e+01	574.01438607
9.89687375e+01	573.95596772
9.92190381e+01	573.89789508
9.94693387e+01	573.84016505
9.97196393e+01	573.78277456
9.99699399e+01	573.72572058
1.00220240e+02	573.66900011
1.00470541e+02	573.61261021
1.00720842e+02	573.55654795
1.00971142e+02	573.50081045
1.01221443e+02	573.44539485
1.01471743e+02	573.39029833
1.01722044e+02	573.33551812
1.01972345e+02	573.28105145
1.02222645e+02	573.22689561
1.02472946e+02	573.17304791
1.02723246e+02	573.1195057
1.02973547e+02	573.06626634
1.03223848e+02	573.01332724
1.03474148e+02	572.96068584
1.03724449e+02	572.9083396
1.03974749e+02	572.85628602
1.04225050e+02	572.80452261
1.04475351e+02	572.75304692
1.04725651e+02	572.70185654
1.04975952e+02	572.65094906
1.05226253e+02	572.60032213
1.05476553e+02	572.5499734
1.05726854e+02	572.49990055
1.05977154e+02	572.4501013
1.06227455e+02	572.40057338
1.06477756e+02	572.35131456
1.06728056e+02	572.30232262
1.06978357e+02	572.25359538
1.07228657e+02	572.20513067
1.07478958e+02	572.15692634
1.07729259e+02	572.10898029
1.07979559e+02	572.06129042
1.08229860e+02	572.01385465
1.08480160e+02	571.96667095
1.08730461e+02	571.91973727
1.08980762e+02	571.87305163
1.09231062e+02	571.82661203
1.09481363e+02	571.78041651
1.09731663e+02	571.73446314
1.09981964e+02	571.68874999
1.10232265e+02	571.64327516
1.10482565e+02	571.59803678
1.10732866e+02	571.55303299
1.10983166e+02	571.50826195
1.11233467e+02	571.46372183
1.11483768e+02	571.41941083
1.11734068e+02	571.37532719
1.11984369e+02	571.33146912
1.12234669e+02	571.28783489
1.12484970e+02	571.24442276
1.12735271e+02	571.20123104
1.12985571e+02	571.15825802
1.13235872e+02	571.11550204
1.13486172e+02	571.07296144
1.13736473e+02	571.03063458
1.13986774e+02	570.98851983
1.14237074e+02	570.94661559
1.14487375e+02	570.90492027
1.14737675e+02	570.8634323
1.14987976e+02	570.82215011
1.15238277e+02	570.78107217
1.15488577e+02	570.74019695
1.15738878e+02	570.69952294
1.15989178e+02	570.65904863
1.16239479e+02	570.61877256
1.16489780e+02	570.57869325
1.16740080e+02	570.53880925
1.16990381e+02	570.49911913
1.17240681e+02	570.45962146
1.17490982e+02	570.42031483
1.17741283e+02	570.38119784
1.17991583e+02	570.34226912
1.18241884e+02	570.3035273
1.18492184e+02	570.26497102
1.18742485e+02	570.22659894
1.18992786e+02	570.18840973
1.19243086e+02	570.15040207
1.19493387e+02	570.11257467
1.19743687e+02	570.07492623
1.19993988e+02	570.03745547
1.20244289e+02	570.00016113
1.20494589e+02	569.96304195
1.20744890e+02	569.9260967
1.20995190e+02	569.88932414
1.21245491e+02	569.85272305
1.21495792e+02	569.81629223
1.21746092e+02	569.78003048
1.21996393e+02	569.74393662
1.22246693e+02	569.70800948
1.22496994e+02	569.67224788
1.22747295e+02	569.63665069
1.22997595e+02	569.60121676
1.23247896e+02	569.56594496
1.23498196e+02	569.53083417
1.23748497e+02	569.49588329
1.23998798e+02	569.46109121
