#DataThief /Users/villaa/./Desktop/Screen Shot 2019-02-11 at 12.27.59.png Monday 11-Feb-2019 12:30:28 PM
-25.6707, -5.3371
-23.3721, -5.337
-21.0629, -5.3276
-21.0522, -5.3183
-18.7429, -5.3089
-18.7322, -5.2995
-16.4229, -5.2901
-16.4121, -5.2808
-14.1028, -5.2713
-11.7934, -5.262
-11.7828, -5.2526
-11.772, -5.2433
-9.4627, -5.2339
-9.452, -5.2245
-9.4413, -5.2152
-7.132, -5.2058
-4.8334, -5.2057
-2.5241, -5.1963
-0.2147, -5.1869
2.0836, -5.1869
4.393, -5.1775
6.7023, -5.1681
9.0116, -5.1586
11.3209, -5.1492
13.6195, -5.1492
15.918, -5.1491
18.2166, -5.1491
20.5152, -5.149
22.8244, -5.1396
25.123, -5.1395
27.4216, -5.1395
29.7309, -5.1301
32.0294, -5.13
34.328, -5.13
36.6265, -5.1299
38.9251, -5.1298
41.2344, -5.1204
43.5329, -5.1204
45.8422, -5.111
48.1408, -5.1109
50.4393, -5.1109
52.7379, -5.1108
55.0472, -5.1014
57.3458, -5.1013
59.6442, -5.1013
61.9428, -5.1012
64.2414, -5.1012
66.54, -5.1011
68.8385, -5.101
71.1371, -5.101
73.4357, -5.1009
75.7342, -5.1009
78.0328, -5.1008
80.3206, -5.1101
82.6191, -5.11
84.9177, -5.11
87.2162, -5.1099
89.5148, -5.1099
91.8134, -5.1098
94.1012, -5.1191
96.3997, -5.119
98.6983, -5.119
100.9968, -5.1189
103.2847, -5.1282
105.5832, -5.128
107.8818, -5.128
110.1803, -5.128
112.4681, -5.1373
114.7667, -5.1372
117.0545, -5.1465
119.3423, -5.1558
121.6301, -5.1651
123.918, -5.1743
126.2058, -5.1837
128.4936, -5.193
130.7814, -5.2023
133.0692, -5.2115
135.357, -5.2208
137.6449, -5.2301
139.9327, -5.2394
142.2312, -5.2393
144.519, -5.2486
146.8069, -5.2579
149.0947, -5.2671
151.3825, -5.2765
151.3717, -5.2858
153.6703, -5.2858
153.6596, -5.2951
155.9474, -5.3044
158.2352, -5.3136
160.5338, -5.3136
160.523, -5.323
160.5123, -5.3323
160.5015, -5.3417
160.4908, -5.351
160.48, -5.3604
160.4693, -5.3697
162.757, -5.379
162.7464, -5.3884
162.7356, -5.3977
162.7248, -5.407
165.0127, -5.4163
165.002, -5.4257
167.2898, -5.435
167.279, -5.4443
167.2683, -5.4537
167.2576, -5.463
167.2468, -5.4724
169.5346, -5.4816
169.5239, -5.491
169.5131, -5.5003
169.5024, -5.5097
169.4917, -5.519
171.7795, -5.5283
171.7687, -5.5377
171.758, -5.547
171.7473, -5.5564
171.7365, -5.5657
171.7258, -5.575
174.0136, -5.5843
174.0029, -5.5937
173.9921, -5.603
173.9814, -5.6124
173.9706, -5.6217
173.9599, -5.6311
176.2477, -5.6402
176.237, -5.6497
176.2262, -5.659
178.514, -5.6683
178.5032, -5.6777
178.4926, -5.687
178.4818, -5.6964
178.4711, -5.7057
178.4603, -5.7151
180.7482, -5.7243
180.7374, -5.7337
180.7267, -5.7429
183.0145, -5.7523
183.0037, -5.7617
182.9929, -5.771
182.9823, -5.7804
185.2701, -5.7896
185.2593, -5.799
185.2486, -5.8083
185.2379, -5.8176
185.2271, -5.827
185.2164, -5.8364
185.2056, -5.8457
185.1949, -5.8551
187.4827, -5.8643
187.472, -5.8737
187.4612, -5.8831
187.4505, -5.8923
187.4397, -5.9017
187.429, -5.9111
189.7168, -5.9203
189.7061, -5.9297
189.6953, -5.9391
191.9832, -5.9484
191.9724, -5.9577
191.9617, -5.967
191.9508, -5.9764
191.9402, -5.9857
191.9295, -5.995
194.2173, -6.0044
194.2065, -6.0137
194.1958, -6.0231
194.185, -6.0324
194.1743, -6.0418
194.1636, -6.0511
194.1528, -6.0604
194.1421, -6.0698
196.4299, -6.0791
196.4192, -6.0884
196.4083, -6.0977
196.3977, -6.1071
196.3869, -6.1165
196.3761, -6.1258
198.664, -6.1351
198.6533, -6.1444
198.6425, -6.1538
198.6318, -6.1631
198.621, -6.1724
200.9089, -6.1818
200.8981, -6.1911
200.8874, -6.2005
200.8766, -6.2098
200.8659, -6.2192
203.1537, -6.2284
203.143, -6.2378
203.1322, -6.2471
203.1215, -6.2565
203.1107, -6.2658
203.1, -6.2752
203.0893, -6.2845
205.3771, -6.2938
205.3663, -6.3032
205.3556, -6.3125
205.3449, -6.3218
207.6327, -6.3311
207.6219, -6.3405
207.6112, -6.3498
207.6004, -6.3592
207.5897, -6.3685
207.579, -6.3779
207.5682, -6.3872
209.8559, -6.3965
212.1439, -6.4058
212.1331, -6.4151
212.1224, -6.4245
212.1116, -6.4338
212.1009, -6.4432
212.0902, -6.4525
212.0794, -6.4619
212.0687, -6.4712
212.0579, -6.4806
214.3457, -6.4898
214.335, -6.4992
214.3243, -6.5085
214.3135, -6.5179
216.6013, -6.5272
216.5906, -6.5365
216.5798, -6.5459
216.5691, -6.5552
216.5584, -6.5645
216.5476, -6.5739
218.8354, -6.5832
218.8247, -6.5925
218.814, -6.6019
218.8032, -6.6112
218.7925, -6.6206
218.7816, -6.6299
221.0695, -6.6392
221.0588, -6.6484
221.0481, -6.6579
221.0373, -6.6672
223.3252, -6.6764
223.3144, -6.6859
223.3037, -6.6952
223.2929, -6.7046
225.5807, -6.7139
225.5699, -6.7231
225.5593, -6.7325
225.5485, -6.7419
225.5377, -6.7511
227.8256, -6.7605
227.8149, -6.7699
227.8041, -6.7792
227.7934, -6.7886
230.0812, -6.7978
230.0704, -6.8072
230.0597, -6.8165
232.3475, -6.8258
232.3368, -6.8352
234.6246, -6.8445
236.9123, -6.8537
239.211, -6.8537
241.5203, -6.8443
243.8188, -6.8441
246.128, -6.8348
243.8296, -6.8349
246.1389, -6.8255
246.1496, -6.8161
243.8403, -6.8255
241.531, -6.8349
239.2217, -6.8443
236.9232, -6.8444
236.9339, -6.8351
234.6353, -6.8351
234.6461, -6.8258
232.3583, -6.8165
232.369, -6.8071
232.3797, -6.7978
230.0919, -6.7885
230.1027, -6.7792
230.1134, -6.7698
227.8256, -6.7605
227.8363, -6.7511
