#DataThief /Users/villaa/./Desktop/Screen Shot 2019-02-11 at 12.27.59.png Monday 11-Feb-2019 12:33:50 PM
465.4791, -5.9694
467.7776, -5.9693
467.7669, -5.9787
467.7776, -5.9693
465.4899, -5.96
465.5006, -5.9506
467.7992, -5.9506
467.8098, -5.9413
467.8207, -5.9319
467.8314, -5.9226
467.842, -5.9133
467.8529, -5.9039
467.8636, -5.8946
467.8744, -5.8852
467.8851, -5.8759
467.8958, -5.8665
467.9066, -5.8572
470.2159, -5.8477
470.2266, -5.8384
470.2374, -5.8291
470.2481, -5.8197
470.2588, -5.8104
470.2696, -5.801
470.2803, -5.7917
470.2911, -5.7824
470.3018, -5.773
472.6111, -5.7635
472.6218, -5.7543
472.6326, -5.7449
472.6433, -5.7356
474.9526, -5.7262
474.9634, -5.7168
474.9741, -5.7075
474.9848, -5.6981
474.9956, -5.6888
475.0063, -5.6794
475.0171, -5.6701
477.3264, -5.6606
477.3371, -5.6513
477.3477, -5.642
479.6571, -5.6326
479.6679, -5.6232
479.6785, -5.6139
481.9879, -5.6045
481.9987, -5.5951
484.308, -5.5857
486.6173, -5.5763
488.9266, -5.5669
491.2251, -5.5669
493.5237, -5.5668
495.833, -5.5574
495.8437, -5.5481
498.153, -5.5386
498.1637, -5.5293
498.1745, -5.52
500.4838, -5.5105
502.7931, -5.5011
502.8037, -5.4918
505.1131, -5.4824
507.4224, -5.4729
507.4332, -5.4636
509.7425, -5.4542
509.7532, -5.4449
512.0625, -5.4355
512.0732, -5.4261
514.3825, -5.4167
516.6918, -5.4073
519.0011, -5.3979
521.3104, -5.3885
523.609, -5.3885
525.9075, -5.3884
528.1953, -5.3977
530.4832, -5.407
530.4724, -5.4163
528.1846, -5.407
525.8968, -5.3977
523.5981, -5.3978
521.2997, -5.3979
523.5875, -5.4072
525.886, -5.4071
525.8753, -5.4163
528.1739, -5.4163
530.4617, -5.4257
530.4509, -5.435
532.7388, -5.4443
532.728, -5.4536
532.7173, -5.463
532.7065, -5.4723
532.6958, -5.4817
532.6851, -5.491
532.6743, -5.5004
532.6636, -5.5097
532.6528, -5.5191
532.6421, -5.5284
534.9405, -5.5284
537.2499, -5.519
534.9514, -5.519
537.2499, -5.519
539.5592, -5.5095
541.8578, -5.5095
544.1671, -5.5001
546.4656, -5.5
548.7749, -5.4906
551.0735, -5.4906
553.3828, -5.4812
555.6814, -5.4811
557.9907, -5.4717
560.2892, -5.4716
562.5878, -5.4716
564.8971, -5.4622
567.1956, -5.4621
569.4942, -5.4621
571.7927, -5.462
574.0913, -5.4619
576.3898, -5.4619
578.6777, -5.4712
578.6669, -5.4805
578.6562, -5.4899
580.944, -5.499
580.9333, -5.5085
580.9224, -5.5178
580.9118, -5.5272
583.1996, -5.5365
583.1888, -5.5457
583.1781, -5.5552
583.1674, -5.5645
583.1566, -5.5739
583.1459, -5.5832
583.1351, -5.5925
583.1244, -5.6019
583.1137, -5.6112
583.1029, -5.6206
583.0922, -5.6299
583.0814, -5.6393
583.0707, -5.6486
583.06, -5.658
585.3477, -5.6673
585.337, -5.6766
585.3263, -5.6859
585.3155, -5.6953
587.6034, -5.7046
587.5926, -5.7139
587.5819, -5.7233
589.8697, -5.7326
589.859, -5.7419
589.8481, -5.7513
589.8375, -5.7606
589.8267, -5.7699
589.8159, -5.7793
592.1038, -5.7886
592.0931, -5.7979
592.0823, -5.8073
592.0716, -5.8166
594.3594, -5.8258
594.3487, -5.8352
594.3378, -5.8446
594.3272, -5.8538
594.3164, -5.8633
594.3057, -5.8726
596.5935, -5.8819
596.5828, -5.8913
596.572, -5.9005
596.5613, -5.91
596.5505, -5.9193
596.5398, -5.9287
596.5291, -5.938
596.5183, -5.9473
596.5076, -5.9567
596.4968, -5.966
596.4861, -5.9754
596.4754, -5.9847
598.7631, -5.994
598.7524, -6.0034
598.7417, -6.0127
598.7309, -6.0221
598.7202, -6.0314
598.7095, -6.0407
600.9973, -6.05
600.9865, -6.0594
600.9758, -6.0687
600.9651, -6.0781
603.2529, -6.0874
603.2421, -6.0967
603.2314, -6.106
603.2207, -6.1154
603.2099, -6.1247
603.1992, -6.1341
605.487, -6.1434
605.4762, -6.1527
607.7641, -6.162
607.7532, -6.1714
607.7426, -6.1807
607.7318, -6.19
607.721, -6.1994
610.0089, -6.2086
609.9982, -6.218
609.9874, -6.2274
609.9767, -6.2367
609.966, -6.2461
612.2538, -6.2554
612.2429, -6.2647
612.2323, -6.274
612.2215, -6.2833
614.5093, -6.2927
614.4986, -6.302
616.7864, -6.3113
616.7757, -6.3207
616.765, -6.33
616.7542, -6.3393
616.7435, -6.3487
616.7327, -6.358
619.0205, -6.3673
619.0098, -6.3767
618.999, -6.386
618.9883, -6.3954
618.9776, -6.4047
618.9668, -6.4141
621.2547, -6.4233
621.2439, -6.4327
621.2332, -6.442
621.2224, -6.4514
621.2117, -6.4607
621.201, -6.4701
623.4995, -6.47
625.7981, -6.47
628.0859, -6.4792
630.3844, -6.4792
632.683, -6.4791
632.6723, -6.4885
634.9601, -6.4978
634.9493, -6.507
634.9386, -6.5165
634.9278, -6.5258
637.2157, -6.5351
637.2049, -6.5444
637.1942, -6.5537
639.482, -6.5631
639.4713, -6.5724
639.4605, -6.5817
639.4498, -6.5911
639.439, -6.6004
639.4283, -6.6098
639.4175, -6.6191
641.7054, -6.6284
643.9931, -6.6377
646.281, -6.647
646.2703, -6.6562
646.2595, -6.6657
646.2488, -6.675
648.5366, -6.6843
648.5258, -6.6937
650.8244, -6.6936
653.1337, -6.6842
650.8458, -6.6749
650.8351, -6.6843
653.1444, -6.6749
653.1552, -6.6655
655.4645, -6.6561
653.1659, -6.6562
655.4752, -6.6468
655.486, -6.6374
657.7953, -6.628
657.806, -6.6187
657.8167, -6.6093
657.8275, -6.6
657.8382, -6.5906
660.1475, -6.5812
660.1583, -6.5718
660.169, -6.5625
660.1797, -6.5532
660.1905, -6.5438
662.4998, -6.5344
662.5105, -6.5251
662.5213, -6.5157
662.532, -6.5064
662.5427, -6.4971
664.8519, -6.4876
664.8628, -6.4783
664.8735, -6.4689
664.8843, -6.4596
664.895, -6.4503
664.9057, -6.4409
664.9165, -6.4316
664.9272, -6.4222
664.938, -6.4129
664.9487, -6.4035
664.9594, -6.3942
667.2687, -6.3848
667.2795, -6.3754
667.2902, -6.366
667.301, -6.3567
667.3117, -6.3474
667.3225, -6.3381
667.3332, -6.3287
667.3439, -6.3194
667.3547, -6.31
667.3654, -6.3007
667.3761, -6.2913
667.3869, -6.282
667.3976, -6.2726
667.4083, -6.2633
669.7177, -6.2539
669.7284, -6.2445
669.7391, -6.2352
669.7499, -6.2258
669.7606, -6.2165
669.7713, -6.2071
669.7821, -6.1978
672.0914, -6.1884
672.1022, -6.1791
672.1129, -6.1697
672.1236, -6.1604
672.1344, -6.151
672.1451, -6.1417
672.1559, -6.1323
672.1666, -6.123
672.1773, -6.1136
674.4866, -6.1042
674.4974, -6.0949
674.5081, -6.0855
674.5189, -6.0762
674.5295, -6.0668
674.5403, -6.0575
674.5511, -6.0481
674.5617, -6.0388
674.5726, -6.0295
674.5833, -6.0201
674.5941, -6.0108
674.6048, -6.0014
674.6155, -5.9921
674.6263, -5.9827
674.637, -5.9734
676.9463, -5.964
676.9571, -5.9546
676.9678, -5.9453
676.9785, -5.9359
676.9893, -5.9266
677.0, -5.9172
677.0108, -5.9079
677.0215, -5.8986
679.3308, -5.8891
679.3415, -5.8798
679.3523, -5.8705
679.363, -5.8611
679.3738, -5.8518
679.3845, -5.8424
679.3952, -5.8331
679.406, -5.8237
679.4167, -5.8144
679.4275, -5.805
679.4382, -5.7957
679.4489, -5.7863
679.4597, -5.777
679.4704, -5.7675
679.4812, -5.7583
679.4919, -5.749
681.8012, -5.7396
681.8119, -5.7302
681.8227, -5.7208
684.132, -5.7115
686.4413, -5.702
686.452, -5.6926
686.4628, -5.6834
686.4735, -5.674
686.4842, -5.6646
686.495, -5.6553
686.5057, -5.646
686.5165, -5.6366
686.5272, -5.6273
686.538, -5.6179
686.5487, -5.6086
686.5594, -5.5992
688.8687, -5.5897
688.8795, -5.5805
688.8902, -5.5711
688.901, -5.5617
688.9117, -5.5525
688.9224, -5.5431
688.9332, -5.5338
688.9439, -5.5244
688.9546, -5.5151
688.9654, -5.5057
688.9761, -5.4964
688.9868, -5.487
688.9976, -5.4777
689.0084, -5.4683
689.0191, -5.459
689.0298, -5.4496
689.0406, -5.4403
691.3498, -5.4309
691.3606, -5.4216
691.3714, -5.4122
691.382, -5.4029
691.3928, -5.3935
691.4036, -5.3841
691.4143, -5.3748
691.4251, -5.3655
691.4358, -5.3561
693.745, -5.3467
696.0437, -5.3467
698.3422, -5.3466
698.353, -5.3373
696.0544, -5.3373
693.7558, -5.3374
691.4573, -5.3374
691.4466, -5.3468
693.7344, -5.3561
696.0329, -5.3559
698.3315, -5.3559
700.6408, -5.3465
700.63, -5.3559
702.9179, -5.3652
702.9071, -5.3745
702.8963, -5.3839
705.1842, -5.3932
705.1734, -5.4025
707.472, -5.4024
709.7706, -5.4024
712.0691, -5.4022
714.3677, -5.4022
716.6662, -5.4022
718.9647, -5.4022
721.2633, -5.4021
721.2526, -5.4114
718.9433, -5.4208
718.954, -5.4115
721.2633, -5.4021
723.5726, -5.3927
723.5834, -5.3833
723.5941, -5.374
723.6049, -5.3646
723.6156, -5.3553
725.9249, -5.3458
725.9356, -5.3366
728.2449, -5.3271
730.5434, -5.3271
732.8528, -5.3176
735.1621, -5.3083
737.4606, -5.3082
737.4714, -5.2989
737.4821, -5.2894
737.4929, -5.2802
737.5036, -5.2708
737.5143, -5.2615
737.5251, -5.2521
737.5358, -5.2428
737.5466, -5.2335
737.5573, -5.2241
737.5681, -5.2147
737.5788, -5.2054
737.5895, -5.1961
737.6002, -5.1867
735.3125, -5.1774
733.0246, -5.1681
730.7261, -5.1682
730.7153, -5.1776
728.4168, -5.1776
726.1075, -5.187
728.406, -5.187
730.7046, -5.1869
733.0139, -5.1775
735.3017, -5.1868
735.291, -5.1961
732.9924, -5.1962
730.6939, -5.1962
728.3953, -5.1963
726.0968, -5.1964
726.086, -5.2057
726.0753, -5.2151
726.0645, -5.2244
726.0538, -5.2337
726.043, -5.2431
726.0323, -5.2524
726.0216, -5.2618
726.0108, -5.2711
726.0001, -5.2805
725.9893, -5.2898
725.9786, -5.2992
725.9679, -5.3085
725.9571, -5.3179
723.6478, -5.3273
723.6371, -5.3366
723.6263, -5.346
721.3277, -5.346
721.317, -5.3554
721.3063, -5.3647
721.2955, -5.374
721.2848, -5.3834
721.2741, -5.3927
718.9755, -5.3928
718.9647, -5.4022
716.6555, -5.4116
714.3462, -5.421
712.0369, -5.4304
709.7276, -5.4398
707.4183, -5.4492
705.109, -5.4586
702.7997, -5.468
700.4904, -5.4774
698.1811, -5.4868
695.8718, -5.4962
693.5625, -5.5056
691.2532, -5.515
691.2425, -5.5244
688.9332, -5.5338
688.9224, -5.5431
688.9117, -5.5525
686.6024, -5.5619
686.5917, -5.5712
686.5809, -5.5806
686.5702, -5.5899
688.858, -5.5992
688.8472, -5.6085
688.8365, -5.6179
688.8258, -5.6272
688.815, -5.6366
688.8043, -5.6459
688.7934, -5.6553
688.7828, -5.6646
688.7721, -5.674
688.7612, -5.6833
688.7506, -5.6926
688.7398, -5.702
688.729, -5.7113
686.4198, -5.7207
684.1105, -5.7301
684.0998, -5.7395
681.7905, -5.7489
681.7797, -5.7582
681.769, -5.7675
681.7582, -5.7769
681.7475, -5.7863
681.7368, -5.7955
681.726, -5.805
681.7153, -5.8143
681.7045, -5.8237
681.6938, -5.833
681.6831, -5.8424
681.6723, -5.8517
681.6616, -5.8611
681.6508, -5.8704
681.6401, -5.8797
679.3308, -5.8891
679.3201, -5.8984
679.3093, -5.9078
679.2986, -5.9172
679.2878, -5.9264
679.2771, -5.9359
679.2664, -5.9452
679.2556, -5.9546
679.2449, -5.9639
676.9356, -5.9733
676.9247, -5.9827
676.9141, -5.992
676.9033, -6.0014
676.8925, -6.0107
676.8819, -6.0201
676.8711, -6.0294
676.8604, -6.0387
676.8496, -6.0481
676.8389, -6.0574
676.8282, -6.0668
676.8174, -6.0761
676.8067, -6.0855
676.7959, -6.0948
676.7852, -6.1042
676.7745, -6.1135
674.4652, -6.1229
674.4544, -6.1323
674.4437, -6.1416
674.4329, -6.151
674.4222, -6.1602
674.4115, -6.1696
674.4007, -6.179
674.39, -6.1883
674.3792, -6.1977
672.0699, -6.2071
672.0592, -6.2164
672.0485, -6.2258
672.0377, -6.2351
672.027, -6.2445
672.0162, -6.2538
672.0055, -6.2631
669.6962, -6.2726
669.6855, -6.2819
669.6747, -6.2913
669.664, -6.3006
669.6532, -6.31
669.6425, -6.3193
669.6317, -6.3286
669.621, -6.338
