#DataThief /Users/villaa/grav_project/NGC5533/NGC5533-bulge.png Saturday 20-Apr-2019 4:38:08 PM
10.2667, 163.1499
10.2903, 163.1562
10.3138, 163.1628
10.3374, 163.1692
10.361, 163.1757
10.3847, 162.4984
10.4083, 162.5048
10.4319, 162.5112
10.4555, 162.5177
10.4792, 161.8405
10.5028, 161.8469
10.5264, 161.8534
10.5499, 161.8598
10.5737, 161.1825
10.5973, 161.189
10.6208, 161.1954
10.6444, 161.2019
10.6681, 160.5246
10.6917, 160.5311
10.7153, 160.5375
10.7389, 160.544
10.7626, 159.8667
10.7862, 159.8731
10.8098, 159.8796
10.8334, 159.886
10.8571, 159.2088
10.8807, 159.2152
10.9042, 159.2217
10.928, 158.5444
10.9515, 158.5508
10.975, 158.5573
10.9987, 158.5636
11.0223, 158.5702
11.046, 157.8929
11.0695, 157.8994
11.0932, 157.9058
11.1168, 157.9123
11.1403, 157.9186
11.1641, 157.2415
11.1876, 157.2479
11.2112, 157.2544
11.2348, 157.2608
11.2584, 157.2673
11.2821, 156.5899
11.3057, 156.5964
11.3293, 156.6029
11.3529, 156.6093
11.3765, 156.6158
11.4002, 155.9385
11.4238, 155.9449
11.4473, 155.9514
11.4711, 155.2741
11.4946, 155.2806
11.5182, 155.287
11.5417, 155.2934
11.5655, 154.6162
11.5891, 154.6227
11.5892, 153.9388
11.6128, 153.9454
11.6364, 153.9518
11.66, 153.9583
11.6836, 153.9647
11.7072, 153.9712
11.7307, 153.9776
11.7543, 153.9841
11.7779, 153.9905
11.8014, 153.9969
11.8252, 153.3197
11.8488, 153.3262
11.8723, 153.3326
11.8961, 152.6553
11.9197, 152.6618
11.9433, 152.6682
11.9668, 152.6747
11.9904, 152.6811
12.0142, 152.0039
12.0377, 152.0103
12.0613, 152.0168
12.0849, 152.0232
12.1085, 152.0297
12.1322, 151.3524
12.1558, 151.3588
12.1794, 151.3653
12.203, 151.3717
12.2265, 151.3782
12.2501, 151.3846
12.2737, 151.3911
12.2974, 150.7138
12.321, 150.7203
12.3446, 150.7267
12.3682, 150.7332
12.3918, 150.7396
12.4153, 150.7461
12.4391, 150.0688
12.4626, 150.0753
12.4862, 150.0817
12.5098, 150.0882
12.5335, 149.4109
12.5571, 149.4173
12.5807, 149.4238
12.6042, 149.4302
12.628, 148.753
12.6516, 148.7593
12.6752, 148.7659
12.6987, 148.7723
12.7223, 148.7788
12.746, 148.1015
12.7696, 148.1078
12.7932, 148.1144
12.8168, 148.1208
12.8404, 148.1273
12.8641, 147.45
12.8877, 147.4565
12.9113, 147.4628
12.9348, 147.4694
12.9584, 147.4758
12.9822, 146.7985
13.0057, 146.805
13.0293, 146.8114
13.0529, 146.8178
13.0766, 146.1406
13.1002, 146.1471
13.1238, 146.1535
13.1474, 146.16
13.171, 146.1663
13.1945, 146.1729
13.2181, 146.1793
13.2417, 146.1858
13.2652, 146.1922
13.289, 145.5149
13.3126, 145.5213
13.3362, 145.5278
13.3598, 145.5343
13.3833, 145.5407
13.4069, 145.5472
13.4306, 144.8699
13.4542, 144.8763
13.4778, 144.8828
13.5013, 144.8893
13.525, 144.8957
13.5486, 144.9022
13.5723, 144.2248
13.5958, 144.2313
13.6195, 144.2378
13.6432, 143.5605
13.6667, 143.567
13.6903, 143.5734
13.7139, 143.5798
13.7375, 143.5863
13.761, 143.5928
13.7847, 143.5992
13.8083, 143.6057
13.8319, 142.9284
13.8556, 142.9348
13.8791, 142.9413
13.9026, 142.9478
13.9263, 142.9542
13.9499, 142.9607
13.9736, 142.2833
13.9971, 142.2898
14.0208, 142.2963
14.0444, 142.3027
14.0679, 142.3092
14.0917, 141.6319
14.1152, 141.6383
14.1388, 141.6448
14.1623, 141.6513
14.186, 141.6577
14.2096, 141.6642
14.2332, 141.6705
14.2567, 141.6771
14.2805, 140.9998
14.304, 141.0062
14.3276, 141.0127
14.3512, 141.0191
14.3748, 141.0256
14.3985, 140.3483
14.4221, 140.3548
14.4457, 140.3612
14.4693, 140.3677
14.4929, 139.6904
14.5166, 139.6968
14.5402, 139.7033
14.5636, 139.7097
14.5873, 139.7162
14.6109, 139.7226
14.6346, 139.0454
14.6582, 139.0518
14.6818, 139.0583
14.7054, 139.0647
14.729, 138.3874
14.7527, 138.3939
14.7763, 138.4003
14.7997, 138.4068
14.8234, 138.4132
14.847, 138.4197
14.8707, 137.7424
14.8942, 137.7489
14.9179, 137.7553
14.9415, 137.7618
14.9651, 137.7682
14.9886, 137.7747
15.0122, 137.7811
15.0358, 137.7875
15.0594, 137.794
15.083, 137.8005
15.1066, 137.8069
15.1303, 137.1296
15.1539, 137.136
15.1774, 137.1425
15.201, 137.149
15.2246, 137.1555
15.2248, 136.4717
15.2483, 136.4782
15.2719, 136.4846
15.2955, 136.491
15.3191, 136.4975
15.3427, 136.504
15.3663, 136.5104
15.39, 135.8332
15.4136, 135.8396
15.4371, 135.846
15.4607, 135.8525
15.4843, 135.859
15.5079, 135.8654
15.5316, 135.1881
15.5552, 135.1945
15.5788, 135.201
15.6024, 135.2075
15.6259, 135.2139
15.6495, 135.2204
15.6731, 135.2268
15.6968, 134.5495
15.7204, 134.556
15.744, 134.5625
15.7675, 134.5689
15.7912, 134.5754
15.8147, 134.5817
15.8385, 133.9045
15.862, 133.911
15.8856, 133.9174
15.9092, 133.9239
15.9327, 133.9303
15.9564, 133.9367
15.9801, 133.2595
16.0037, 133.266
16.0273, 133.2724
16.0508, 133.2789
16.0744, 133.2852
16.098, 133.2918
16.1217, 132.6145
16.1453, 132.6209
16.1689, 132.6274
16.1925, 132.6338
16.2161, 132.6402
16.2397, 132.6467
16.2634, 131.9695
16.287, 131.9759
16.3105, 131.9824
16.3341, 131.9888
16.3577, 131.9952
16.3813, 132.0017
16.4049, 132.0082
16.4285, 132.0146
16.4522, 131.3373
16.4758, 131.3437
16.4993, 131.3502
16.5229, 131.3567
16.5465, 131.3631
16.5702, 130.6859
16.5937, 130.6923
16.6174, 130.6987
16.641, 130.7052
16.6646, 130.7117
16.6881, 130.7181
16.7117, 130.7246
16.7353, 130.7309
16.7589, 130.7375
16.7825, 130.7439
16.8062, 130.0667
16.8298, 130.0731
16.8534, 130.0796
16.8769, 130.086
16.9005, 130.0925
16.9241, 130.0989
16.9478, 129.4216
16.9714, 129.4281
16.995, 129.4344
17.0186, 129.441
17.0422, 129.4474
17.0658, 129.4539
17.0895, 128.7766
17.1131, 128.7831
17.1366, 128.7894
17.1602, 128.796
17.1838, 128.8024
17.2074, 128.8089
17.231, 128.8153
17.2547, 128.138
17.2783, 128.1445
17.3019, 128.1509
17.3254, 128.1574
17.349, 128.1638
17.3726, 128.1703
17.3961, 128.1767
17.4199, 127.4995
17.4435, 127.5059
17.4671, 127.5124
17.4907, 127.5188
17.5142, 127.5253
17.5377, 127.5316
17.5614, 127.5382
17.5851, 126.8609
17.6087, 126.8673
17.6322, 126.8738
17.6559, 126.8801
17.6795, 126.8867
17.7029, 126.8931
17.7266, 126.8996
17.7502, 126.906
17.7739, 126.2288
17.7974, 126.2352
17.8211, 126.2417
17.8447, 126.2481
17.8683, 125.5708
17.892, 125.5773
17.9156, 125.5836
17.9392, 125.5901
17.9627, 125.5966
17.9863, 125.6031
18.0099, 125.6095
18.0335, 125.616
18.0571, 125.6223
18.0807, 125.6289
18.1042, 125.6353
18.1278, 125.6418
18.1515, 124.9645
18.1751, 124.971
18.1987, 124.9774
18.2223, 124.9839
18.2459, 124.9903
18.2696, 124.3131
18.2932, 124.3195
18.3168, 124.326
18.3403, 124.3324
18.3639, 124.3389
18.3875, 124.3453
18.4112, 123.668
18.4348, 123.6745
18.4584, 123.6808
18.482, 123.6874
18.5056, 123.6938
18.5291, 123.7003
18.5527, 123.7067
18.5763, 123.7132
18.6, 123.0359
18.6236, 123.0424
18.6472, 123.0488
18.6707, 123.0553
18.6944, 123.0617
18.718, 123.0682
18.7417, 122.3909
18.7652, 122.3973
18.7888, 122.4038
18.8124, 122.4102
18.8359, 122.4167
18.8596, 122.4231
18.8832, 122.4296
18.9069, 121.7523
18.9304, 121.7588
18.9541, 121.7652
18.9776, 121.7717
19.0012, 121.7781
19.0248, 121.7846
19.0484, 121.791
19.072, 121.7974
19.0956, 121.8039
19.1193, 121.1266
19.1429, 121.1331
19.1663, 121.1395
19.19, 121.146
19.2136, 121.1524
19.2372, 121.1589
19.2608, 121.1653
19.2844, 121.1718
19.3079, 121.1782
19.3315, 121.1847
19.3551, 121.1911
19.3787, 121.1976
19.4022, 121.204
19.4259, 121.2105
19.4496, 120.5332
19.4732, 120.5396
19.4967, 120.5461
19.5203, 120.5526
19.5439, 120.559
19.5676, 119.8817
19.5912, 119.8881
19.6148, 119.8946
19.6383, 119.9011
19.662, 119.9075
19.6856, 119.914
19.709, 119.9203
19.7327, 119.9268
19.7563, 119.9333
19.7799, 119.9398
19.8035, 119.2625
19.8272, 119.269
19.8508, 119.2753
19.8745, 118.5981
19.8981, 118.6046
