#DataThief /Users/villaa/grav_project/NGC5533/NGC5533-bulge.png Saturday 20-Apr-2019 4:37:49 PM
0.4928, 212.4425
0.4927, 213.1262
0.4926, 213.8098
0.4924, 214.4937
0.4923, 215.1774
0.4922, 215.8611
0.5156, 216.5513
0.5154, 217.2349
0.5389, 217.9252
0.5388, 218.6089
0.5387, 219.2926
0.5385, 219.9763
0.5384, 220.6601
0.5383, 221.3437
0.5381, 222.0275
0.538, 222.7112
0.5614, 223.4014
0.5613, 224.0851
0.5848, 224.7753
0.5846, 225.459
0.5845, 226.1428
0.6078, 226.8329
0.6078, 227.5167
0.6077, 228.2004
0.6311, 228.8906
0.631, 229.5743
0.6543, 230.2645
0.6543, 230.9482
0.6777, 231.6383
0.7012, 232.3285
0.7246, 233.0187
0.7245, 233.7024
0.7244, 234.3862
0.7478, 235.0763
0.7713, 235.7665
0.7711, 236.4502
0.7946, 237.1404
0.818, 237.8306
0.8415, 238.5207
0.8649, 239.2109
0.8883, 239.9011
0.9118, 240.5913
0.9353, 241.2814
0.9588, 241.2879
0.9823, 241.9781
1.0058, 242.6682
1.0292, 243.3584
1.0528, 243.3649
1.0764, 243.3713
1.1, 243.3778
1.1235, 243.3841
1.147, 244.0744
1.1706, 244.0808
1.1942, 244.0873
1.2176, 244.7774
1.2412, 244.7839
1.2648, 244.7904
1.2882, 245.4805
1.3118, 245.487
1.3354, 245.4934
1.359, 245.4999
1.3826, 245.5063
1.406, 246.1965
1.4296, 246.203
1.4532, 246.2094
1.4768, 246.2159
1.5003, 246.2223
1.5239, 246.2288
1.5474, 246.2352
1.5711, 246.2417
1.5947, 246.2481
1.6183, 246.2546
1.6419, 246.261
1.6654, 246.2675
1.689, 246.2739
1.7126, 246.2804
1.7362, 246.2868
1.7599, 245.6095
1.7835, 245.616
1.8071, 245.6223
1.8308, 244.9452
1.8544, 244.9516
1.878, 244.9581
1.9015, 244.9645
1.9251, 244.971
1.9487, 244.9774
1.9724, 244.3002
1.996, 244.3066
2.0196, 244.3131
2.0432, 244.3195
2.0669, 243.6421
2.0905, 243.6487
2.1142, 242.9714
2.1378, 242.9779
2.1614, 242.9843
2.1851, 242.307
2.2086, 242.3135
2.2322, 242.3199
2.256, 241.6427
2.2796, 241.6491
2.3031, 241.6556
2.3269, 240.9783
2.3504, 240.9847
2.3742, 240.3075
2.3977, 240.3139
2.4213, 240.3204
2.4449, 240.3268
2.4686, 239.6495
2.4922, 239.656
2.5158, 239.6623
2.5394, 238.9851
2.5632, 238.3079
2.5868, 238.3143
2.6104, 238.3208
2.634, 238.3272
2.6577, 237.65
2.6813, 237.6564
2.705, 236.979
2.7286, 236.9856
2.7522, 236.992
2.7759, 236.3148
2.7995, 235.6375
2.8232, 235.6439
2.8469, 234.9667
2.8705, 234.9731
2.8941, 234.9796
2.9178, 234.3023
2.9414, 234.3088
2.9651, 233.6315
2.9887, 233.6379
3.0124, 232.9607
3.036, 232.967
3.0596, 232.9736
3.0833, 232.2963
3.1069, 232.3027
3.1304, 232.3092
3.1542, 231.6319
3.1779, 230.9546
3.2015, 230.9611
3.2252, 230.2838
3.2488, 230.2903
3.2723, 230.2967
3.2961, 229.6194
3.3195, 229.6259
3.3434, 228.9485
3.367, 228.955
3.3905, 228.9615
3.4141, 228.968
3.4378, 228.2907
3.4614, 228.2971
3.4851, 227.6199
3.5087, 227.6263
3.5323, 227.6328
3.556, 226.9555
3.5796, 226.9619
3.6032, 226.9684
3.6269, 226.2911
3.6505, 226.2976
3.6742, 225.6202
3.6978, 225.6267
3.7214, 225.6332
3.745, 224.9559
3.7687, 224.9624
3.7924, 224.2851
3.8159, 224.2916
3.8397, 223.6143
3.8633, 223.6207
3.8869, 223.6272
3.9106, 222.9499
3.9342, 222.9564
3.9579, 222.2791
3.9815, 222.2854
3.9816, 221.6018
4.0052, 221.6082
4.0288, 221.6147
4.0524, 221.6212
4.0761, 220.9439
4.0997, 220.9503
4.1234, 220.2731
4.147, 220.2795
4.1707, 219.6021
4.1943, 219.6087
4.218, 218.9314
4.2416, 218.9379
4.2651, 218.9443
4.2889, 218.267
4.3124, 218.2735
4.3362, 217.5962
4.3597, 217.6027
4.3599, 216.9189
4.3835, 216.9254
4.407, 216.9318
4.4308, 216.2546
4.4544, 216.261
4.4779, 216.2675
4.5017, 215.5901
4.5252, 215.5966
4.549, 214.9194
4.5725, 214.9258
4.5963, 214.2485
4.6198, 214.255
4.6436, 213.5777
4.6671, 213.5842
4.6909, 212.9069
4.7144, 212.9134
4.7382, 212.2361
4.7617, 212.2425
4.7854, 211.5653
4.809, 211.5716
4.8326, 211.5782
4.8563, 210.9009
4.8799, 210.9073
4.9035, 210.9138
4.9272, 210.2365
4.9508, 210.2429
4.9745, 209.5657
4.9981, 209.5721
5.0217, 209.5786
5.0454, 208.9013
5.069, 208.9078
5.0926, 208.9142
5.1163, 208.2368
5.1399, 208.2434
5.1635, 208.2498
5.1872, 207.5726
5.2107, 207.579
5.2345, 206.9017
5.2581, 206.9082
5.2817, 206.9146
5.3054, 206.2374
5.329, 206.2438
5.3525, 206.2503
5.3763, 205.573
5.3998, 205.5794
5.4236, 204.9022
5.4471, 204.9085
5.4707, 204.9151
5.4945, 204.2378
5.518, 204.2442
5.5417, 203.567
5.5653, 203.5734
5.5889, 203.5798
5.6126, 202.9026
5.6362, 202.9091
5.6598, 202.9155
5.6835, 202.2382
5.7071, 202.2447
5.7308, 201.5674
5.7544, 201.5739
5.778, 201.5803
5.8016, 200.903
5.8253, 200.9095
5.849, 200.2322
5.8726, 200.2387
5.8961, 200.2451
5.9199, 199.5678
5.9435, 199.5743
5.967, 199.5807
5.9908, 198.9035
6.0144, 198.9099
6.0379, 198.9163
6.0617, 198.2391
6.0853, 198.2455
6.109, 197.5683
6.1326, 197.5747
6.1561, 197.5812
6.1799, 196.9039
6.2034, 196.9102
6.227, 196.9167
6.2507, 196.2395
6.2743, 196.246
6.2979, 196.2524
6.3216, 195.5751
6.3452, 195.5816
6.3688, 195.588
6.3925, 194.9108
6.4161, 194.9172
6.4397, 194.9237
6.4634, 194.2464
6.487, 194.2528
6.5106, 194.2593
6.5343, 193.5819
6.5579, 193.5885
6.5814, 193.5949
6.6052, 192.9177
6.6287, 192.9241
6.6524, 192.2468
6.6761, 192.2533
6.6996, 192.2597
6.7234, 191.5825
6.7469, 191.5889
6.7705, 191.5954
6.7942, 190.9181
6.8178, 190.9245
6.8414, 190.931
6.865, 190.9374
6.8887, 190.2602
6.9123, 189.5829
6.936, 189.5893
6.9596, 189.5958
6.9832, 189.6021
7.0068, 189.6087
7.0305, 188.9314
7.0542, 188.2541
7.0778, 188.2606
7.1014, 188.267
7.1249, 188.2735
7.1487, 187.5962
7.1722, 187.6027
7.1958, 187.6091
7.2194, 187.6156
7.2431, 186.9383
7.2667, 186.9447
7.2903, 186.9512
7.314, 186.2739
7.3376, 186.2804
7.3612, 186.2868
7.3849, 185.6095
7.4085, 185.616
7.4321, 185.6223
7.4557, 185.6289
7.4794, 184.9516
7.503, 184.9581
7.5265, 184.9645
7.5503, 184.2873
7.5737, 184.2937
7.5974, 184.3002
7.6211, 183.6229
7.6447, 183.6293
7.6684, 182.9521
7.692, 182.9585
7.7156, 182.9649
7.7393, 182.2877
7.7629, 182.2941
7.7865, 182.3006
7.8102, 181.6233
7.8338, 181.6298
7.8574, 181.6362
7.8811, 180.9588
7.9047, 180.9654
7.9283, 180.9718
7.9519, 180.9783
7.9756, 180.301
7.9992, 180.3075
8.0227, 180.3139
8.0465, 179.6366
8.07, 179.6431
8.0936, 179.6495
8.1173, 178.9723
8.1409, 178.9787
8.1645, 178.9851
8.1882, 178.3079
8.2118, 178.3143
8.2354, 178.3208
8.2591, 177.6435
8.2827, 177.65
8.3063, 177.6564
8.3299, 177.6629
8.3534, 177.6693
8.3772, 176.992
8.4007, 176.9985
8.4243, 177.0049
8.4479, 177.0114
8.4716, 176.3341
8.4952, 176.3406
8.5188, 176.347
8.5425, 175.6697
8.5661, 175.6762
8.5897, 175.6825
8.6134, 175.0054
8.637, 175.0118
8.6606, 175.0183
8.6842, 175.0247
8.7079, 174.3475
8.7315, 174.3538
8.755, 174.3604
8.7786, 174.3668
8.8023, 173.6895
8.8258, 173.696
8.8495, 173.7024
8.8732, 173.0252
8.8968, 173.0316
8.9203, 173.0381
8.944, 173.0445
8.9676, 173.051
8.9912, 172.3737
9.0149, 172.3801
9.0384, 172.3866
9.062, 172.393
9.0857, 171.7158
9.1093, 171.7222
9.1329, 171.7287
9.1565, 171.7351
9.1802, 171.0578
9.2038, 171.0643
9.2274, 171.0707
9.2511, 170.3935
9.2747, 170.3999
9.2983, 170.4064
9.322, 169.729
9.3456, 169.7355
9.3692, 169.742
9.3927, 169.7484
9.4165, 169.0712
9.44, 169.0776
9.4636, 169.0841
9.4872, 169.0905
9.5109, 168.4132
9.5345, 168.4197
9.5581, 168.4261
9.5817, 168.4325
9.6054, 167.7553
9.629, 167.7618
9.6526, 167.7682
9.6761, 167.7747
9.6997, 167.7811
9.7234, 167.1038
9.7469, 167.1103
9.7706, 167.1167
9.7943, 166.4395
9.8178, 166.4459
9.8415, 166.4524
9.8651, 166.4588
9.8888, 165.7816
9.9123, 165.788
9.936, 165.7945
9.9597, 165.1172
9.9832, 165.1236
10.0069, 165.1301
10.0304, 165.1365
10.0069, 165.1301
9.9832, 165.1236
9.9597, 165.1172
9.9361, 165.1107
9.9125, 165.1043
9.8889, 165.0977
9.8652, 165.7751
9.8416, 165.7687
9.818, 165.7622
9.7945, 165.7558
9.7707, 166.433
9.7471, 166.4266
9.7236, 166.4201
9.6999, 167.0974
9.6763, 167.0909
9.6526, 167.0845
9.6291, 167.078
9.6054, 167.7553
9.5817, 167.7489
9.5582, 167.7424
9.5346, 167.736
9.5109, 168.4132
9.4873, 168.4068
9.4638, 168.4003
9.4402, 168.3939
9.4165, 169.0712
9.3929, 169.0647
9.3693, 169.0583
9.3457, 169.0518
9.322, 169.729
9.2984, 169.7226
9.2748, 169.7162
9.2511, 170.3935
9.2275, 170.387
9.2039, 170.3806
9.1804, 170.374
9.1568, 170.3677
9.133, 171.0449
9.1095, 171.0385
9.0859, 171.032
9.0623, 171.0256
9.0386, 171.7029
9.015, 171.6964
8.9914, 171.69
8.9677, 172.3672
8.9441, 172.3608
8.9205, 172.3543
8.8969, 172.3479
8.8734, 172.3414
8.8498, 172.335
8.826, 173.0123
8.8025, 173.0058
8.7789, 172.9994
8.7551, 173.6766
8.7316, 173.6702
8.708, 173.6637
8.6844, 173.6573
8.6606, 174.3346
8.6371, 174.3281
8.6135, 174.3216
8.5899, 174.3152
8.5662, 174.9925
8.5427, 174.986
8.5191, 174.9796
8.4954, 175.6568
8.4718, 175.6503
8.4482, 175.6439
8.4245, 176.3212
8.4009, 176.3148
8.3773, 176.3083
8.3537, 176.3019
8.33, 176.979
8.3064, 176.9727
8.2828, 176.9662
8.2591, 176.9598
8.2355, 177.6371
8.2119, 177.6306
8.1884, 177.6242
8.1648, 177.6177
8.1411, 178.295
8.1175, 178.2885
8.0937, 178.9658
8.0702, 178.9594
8.0466, 178.9529
8.023, 178.9465
7.9992, 179.6237
7.9757, 179.6173
7.9521, 179.6108
7.9284, 180.2881
7.9048, 180.2817
7.8812, 180.2752
7.8575, 180.9525
7.8338, 180.946
7.8103, 180.9396
7.7866, 181.6169
7.763, 181.6104
7.7395, 181.604
7.7157, 182.2812
7.6922, 182.2748
7.6686, 182.2683
7.6449, 182.9456
7.6213, 182.9392
7.5976, 183.6164
7.5739, 183.6099
7.5504, 183.6035
7.5267, 184.2808
7.503, 184.2743
7.4795, 184.2679
7.4558, 184.9452
7.4322, 184.9386
7.4086, 184.9323
7.3849, 185.6095
7.3613, 185.6031
7.3377, 185.5966
7.314, 186.2739
7.2904, 186.2675
7.2669, 186.261
7.2433, 186.2546
7.2197, 186.2481
7.196, 186.9254
7.1724, 186.9189
7.1488, 186.9125
7.1251, 187.5897
7.1015, 187.5833
7.0779, 187.5769
7.0542, 188.2541
7.0306, 188.2477
7.0069, 188.925
6.9832, 188.9184
6.9597, 188.9121
6.9361, 188.9056
6.9123, 189.5829
6.8888, 189.5764
6.8651, 190.2537
6.8415, 190.2473
6.818, 190.2408
6.7944, 190.2344
6.7707, 190.9116
6.7471, 190.9052
6.7234, 191.5825
6.6998, 191.576
6.6762, 191.5695
6.6524, 192.2468
6.6289, 192.2404
6.6053, 192.2339
6.5816, 192.9112
6.558, 192.9048
6.5344, 192.8982
6.5107, 193.5756
6.487, 193.5691
6.4635, 193.5627
6.4398, 194.2399
6.4162, 194.2335
6.3926, 194.227
6.3689, 194.9043
6.3453, 194.8979
6.3218, 194.8914
6.298, 195.5687
6.2745, 195.5622
6.2509, 195.5558
6.2272, 196.2331
6.2036, 196.2266
6.18, 196.2202
6.1562, 196.8974
6.1327, 196.891
6.1091, 196.8845
6.0854, 197.5617
6.0618, 197.5554
6.0381, 198.2326
6.0145, 198.2262
5.9909, 198.2197
5.9672, 198.897
5.9436, 198.8906
5.9199, 199.5678
5.8963, 199.5614
