#DataThief /Users/villaa/grav_project/NGC5533/NGC5533-bulge.png Saturday 20-Apr-2019 4:39:07 PM
12.0608, 154.7517
12.0845, 154.0744
12.1081, 154.0808
12.1317, 154.0873
12.1552, 154.0937
12.179, 153.4165
12.2026, 153.4229
12.2261, 153.4294
12.2497, 153.4358
12.2732, 153.4423
12.297, 152.765
12.3206, 152.7713
12.3442, 152.7779
12.3678, 152.7843
12.3914, 152.7908
12.4151, 152.1135
12.4386, 152.12
12.4622, 152.1264
12.4858, 152.1329
12.5093, 152.1393
12.5331, 151.4621
12.5567, 151.4685
12.5803, 151.475
12.6038, 151.4814
12.6275, 151.4879
12.651, 151.4943
12.6747, 150.817
12.6983, 150.8235
12.7219, 150.8298
12.7455, 150.8364
12.7692, 150.1591
12.7928, 150.1656
12.8164, 150.172
12.8399, 150.1785
12.8636, 150.1849
12.8871, 150.1914
12.9106, 150.1978
12.9343, 150.2043
12.9579, 150.2107
12.9816, 149.5333
13.0052, 149.5399
13.0288, 149.5463
13.0525, 148.8691
13.0761, 148.8755
13.0997, 148.882
13.1233, 148.8883
13.1468, 148.8949
13.1703, 148.9013
13.194, 148.9078
13.2176, 148.9142
13.2413, 148.2368
13.2649, 148.2434
13.2885, 148.2498
13.3121, 148.2563
13.3357, 147.579
13.3594, 147.5855
13.3829, 147.5918
13.4064, 147.5984
13.4301, 147.6048
13.4537, 147.6113
13.4773, 147.6177
13.5009, 147.6242
13.5246, 146.9468
13.5482, 146.9533
13.5716, 146.9598
13.5953, 146.9662
13.619, 146.289
13.6425, 146.2953
13.6662, 146.3019
13.6898, 146.3083
13.7134, 146.3148
13.737, 145.6375
13.7607, 145.6439
13.7843, 145.6503
13.8079, 145.6568
13.8314, 145.6633
13.855, 145.6697
13.8787, 144.9925
13.9022, 144.9989
13.9259, 145.0054
13.9495, 145.0118
13.9731, 145.0183
13.9967, 145.0247
14.0202, 145.0312
14.0438, 145.0376
14.0675, 144.3604
14.0911, 144.3668
14.1147, 144.3733
14.1384, 143.696
14.162, 143.7024
14.1856, 143.7088
14.2092, 143.7153
14.2328, 143.7218
14.2563, 143.7282
14.2801, 143.051
14.3035, 143.0574
14.3272, 143.0639
14.3508, 143.0703
14.3744, 143.0768
14.398, 143.0832
14.4216, 143.0897
14.4451, 143.0961
14.4687, 143.1026
14.4924, 142.4253
14.516, 142.4317
14.5396, 142.4382
14.5632, 142.4445
14.5868, 142.4511
14.6105, 141.7738
14.6341, 141.7803
14.6577, 141.7867
14.6814, 141.1094
14.705, 141.1159
14.7286, 141.1223
14.7521, 141.1288
14.7757, 141.1352
14.7993, 140.458
14.823, 140.4644
14.8466, 140.4708
14.8702, 140.4773
14.8938, 140.4838
14.9174, 140.4902
14.9409, 140.4967
14.9645, 140.503
14.9881, 140.5096
15.0118, 139.8323
15.0354, 139.8387
15.059, 139.8452
15.0826, 139.8516
15.1062, 139.858
15.1297, 139.8645
15.1535, 139.1873
15.177, 139.1937
15.2006, 139.2002
15.2242, 139.2066
15.2478, 139.2131
15.2713, 139.2195
15.295, 139.226
15.3187, 138.5487
15.3423, 138.5551
15.3658, 138.5615
15.3894, 138.568
15.413, 138.5745
15.4367, 137.8972
15.4603, 137.9037
15.4839, 137.9101
15.5074, 137.9165
15.5311, 137.923
15.5547, 137.9295
15.5782, 137.9359
15.6018, 137.9424
15.6254, 137.9487
15.6491, 137.2716
15.6726, 137.278
15.6963, 137.2845
15.7199, 137.2909
15.7436, 136.6136
15.7671, 136.62
15.7908, 136.6265
15.8143, 136.633
15.8378, 136.6394
15.8615, 136.6459
15.8852, 135.9686
15.9088, 135.975
15.9324, 135.9815
15.956, 135.988
15.9796, 135.9944
16.0031, 136.0009
16.0267, 136.0073
16.0503, 136.0138
16.074, 135.3365
16.0976, 135.3429
16.1212, 135.3494
16.1448, 135.3558
16.1684, 135.3623
16.1919, 135.3687
16.2157, 134.6915
16.2392, 134.6979
16.2628, 134.7044
16.2864, 134.7107
16.31, 134.7173
16.3336, 134.04
16.3573, 134.0464
16.3809, 134.0529
16.4045, 134.0593
16.4281, 134.0658
16.4516, 134.0722
16.4752, 134.0787
16.4989, 133.4014
16.5225, 133.4079
16.5461, 133.4143
16.5697, 133.4208
16.5933, 133.4272
16.617, 132.7499
16.6406, 132.7564
16.6642, 132.7628
16.6877, 132.7692
16.7113, 132.7757
16.7349, 132.0985
16.7586, 132.1049
16.7822, 132.1114
16.8058, 132.1178
16.8294, 132.1243
16.853, 132.1307
16.8767, 131.4535
16.9003, 131.4599
16.9238, 131.4664
16.9474, 131.4727
16.971, 131.4793
16.9946, 131.4857
17.0182, 131.4922
17.0418, 131.4986
17.0653, 131.5051
17.0889, 131.5114
17.1125, 131.518
17.136, 131.5244
17.1598, 130.8471
17.1834, 130.8536
17.207, 130.8599
17.2306, 130.8665
17.2542, 130.8729
17.2777, 130.8794
17.3013, 130.8858
17.3249, 130.8923
17.3486, 130.215
17.3721, 130.2215
17.3958, 130.2279
17.4194, 130.2344
17.4431, 129.5571
17.4667, 129.5635
17.4903, 129.5699
17.5138, 129.5764
17.5373, 129.5829
17.561, 129.5893
17.5846, 129.5958
17.6082, 129.6021
17.6318, 129.6087
17.6553, 129.6151
17.6791, 128.9379
17.7026, 128.9443
17.7262, 128.9508
17.7498, 128.9572
17.7734, 128.9637
17.797, 128.9701
17.8206, 128.9766
17.8441, 128.983
17.8679, 128.3057
17.8914, 128.3122
17.915, 128.3186
17.9386, 128.3251
17.9622, 128.3315
17.9859, 127.6543
18.0095, 127.6606
18.0331, 127.6672
18.0567, 127.6736
18.0803, 127.6801
18.1038, 127.6865
18.1274, 127.693
18.151, 127.6994
18.1746, 127.7059
18.1982, 127.7123
18.2218, 127.7187
18.2453, 127.7252
18.2689, 127.7317
18.2926, 127.0544
18.3162, 127.0608
18.3397, 127.0673
18.3634, 127.0737
18.387, 127.0802
18.4106, 127.0866
18.4341, 127.0931
18.4579, 126.4158
18.4814, 126.4223
18.505, 126.4287
18.5286, 126.4352
18.5522, 126.4416
18.5758, 126.4481
18.5995, 125.7708
18.6231, 125.7772
18.6467, 125.7837
18.6702, 125.7902
18.6938, 125.7966
18.7174, 125.8031
18.741, 125.8094
18.7646, 125.8159
18.7882, 125.8224
18.8117, 125.8289
18.8355, 125.1516
18.859, 125.158
18.8826, 125.1645
18.9062, 125.1709
18.9298, 125.1774
18.9534, 125.1838
18.9769, 125.1903
19.0006, 125.1967
19.0243, 124.5194
19.0479, 124.5259
19.0714, 124.5324
19.095, 124.5388
19.1186, 124.5453
19.1421, 124.5516
19.1658, 124.5582
19.1894, 124.5646
19.2129, 124.5711
19.2367, 123.8938
19.2602, 123.9002
19.2838, 123.9066
19.3074, 123.9131
19.331, 123.9196
19.3546, 123.926
19.3782, 123.9325
19.4017, 123.9388
19.4255, 123.2617
19.449, 123.2681
19.4726, 123.2746
19.4962, 123.281
19.5198, 123.2875
19.5434, 123.2939
19.5671, 122.6166
19.5907, 122.6231
19.6143, 122.6295
19.6378, 122.636
19.6614, 122.6423
19.6851, 121.9651
19.7086, 121.9716
19.7323, 121.9781
19.7559, 121.9845
19.7795, 121.991
19.8031, 121.9973
19.8267, 122.0039
19.8502, 122.0103
19.874, 121.333
19.8975, 121.3395
