#DataThief /Users/villaa/grav_project/NGC5533/NGC5533-disk.png Saturday 20-Apr-2019 4:44:35 PM
11.8052, 156.7332
11.8289, 156.7412
11.8525, 156.7494
11.8761, 156.7574
11.8998, 156.7656
11.9234, 156.7737
11.947, 156.7818
11.9707, 156.79
11.9943, 156.7981
12.018, 156.8062
12.0416, 156.8143
12.0652, 156.8224
12.0889, 156.8305
12.1124, 157.5242
12.136, 157.5324
12.1597, 157.5405
12.1833, 157.5486
12.2069, 157.5567
12.2306, 157.5648
12.2542, 157.5729
12.2779, 157.581
12.3014, 157.5891
12.3251, 157.5972
12.3488, 157.6053
12.3724, 157.6134
12.3961, 157.6215
12.4197, 157.6296
12.4433, 157.6377
12.467, 157.6458
12.4906, 157.6539
12.5143, 157.662
12.5377, 158.3558
12.5614, 158.3639
12.585, 158.3719
12.6087, 158.3801
12.6322, 158.3881
12.656, 158.3963
12.6796, 158.4043
12.7032, 158.4125
12.7269, 158.4205
12.7505, 158.4287
12.7741, 158.4368
12.7978, 158.445
12.8214, 158.4531
12.8451, 158.4612
12.8687, 158.4693
12.8923, 158.4774
12.916, 158.4855
12.9396, 158.4936
12.9633, 158.5017
12.9868, 158.5098
13.0105, 158.5179
13.0342, 158.526
13.0577, 159.2198
13.0813, 159.2279
13.105, 159.236
13.1286, 159.2441
13.1522, 159.2522
13.1759, 159.2603
13.1995, 159.2684
13.2232, 159.2765
13.2468, 159.2846
13.2704, 159.2927
13.2939, 159.9865
13.3176, 159.9946
13.3412, 160.0027
13.3649, 160.0108
13.3885, 160.0189
13.4121, 160.027
13.4358, 160.0351
13.4594, 160.0432
13.4828, 160.737
13.5066, 160.745
13.5302, 160.7532
13.5537, 160.7612
13.5775, 160.7694
13.6011, 160.7774
13.6247, 160.7856
13.6484, 160.7936
13.672, 160.8018
13.6957, 160.8098
13.7193, 160.818
13.7429, 160.8262
13.7666, 160.8343
13.7901, 161.528
13.8136, 161.5361
13.8374, 161.5442
13.861, 161.5523
13.8846, 161.5604
13.9083, 161.5686
13.9319, 161.5767
13.9556, 161.5848
13.9792, 161.5929
14.0028, 161.601
14.0265, 161.6091
14.0501, 161.6172
14.0738, 161.6253
14.0974, 161.6334
14.121, 161.6415
14.1447, 161.6496
14.1683, 161.6577
14.1919, 161.6658
14.2156, 161.6739
14.2392, 161.682
14.2629, 161.6901
14.2865, 161.6982
14.3101, 161.7063
14.3338, 161.7144
14.3574, 161.7225
14.3811, 161.7306
14.4047, 161.7388
14.4283, 161.7469
14.4518, 162.4405
14.4755, 162.4487
14.499, 162.4567
14.5228, 162.4649
14.5464, 162.4731
14.5699, 162.4812
14.5937, 162.4893
14.6173, 162.4974
14.641, 162.5055
14.6646, 162.5135
14.6882, 162.5217
14.7119, 162.5298
14.7355, 162.5379
14.7591, 162.546
14.7828, 162.5541
14.8064, 162.5622
14.83, 162.5703
14.8537, 162.5784
14.8773, 162.5865
14.901, 162.5946
14.9245, 162.6027
14.9483, 162.6108
14.9719, 162.6189
14.9955, 162.627
15.0192, 162.6351
15.0428, 162.6433
15.0665, 162.6514
15.0901, 162.6595
15.1137, 162.6676
15.1374, 162.6757
15.161, 162.6838
15.1847, 162.6919
15.2083, 162.7
15.2319, 162.7081
15.2556, 162.7162
15.2792, 162.7243
15.3029, 162.7324
15.3265, 162.7405
15.3501, 162.7486
15.3738, 162.7567
15.3974, 162.7648
15.421, 162.7729
15.4447, 162.781
15.4683, 162.7891
15.492, 162.7972
15.5156, 162.8053
15.5392, 162.8135
15.5629, 162.8216
15.5865, 162.8296
15.6101, 162.8378
15.6338, 162.8458
15.6574, 162.854
15.6811, 162.862
15.7046, 162.8702
15.7284, 162.8782
15.752, 162.8864
15.7755, 162.8944
15.7993, 162.9026
15.8229, 162.9106
15.8465, 162.9188
15.8702, 162.9268
15.8938, 162.935
15.9175, 162.9431
15.9411, 162.9512
15.9647, 162.9593
15.9884, 162.9674
16.012, 162.9756
16.0357, 162.9837
16.0593, 162.9918
16.0829, 162.9999
16.1066, 163.008
16.1302, 163.0161
16.1539, 163.0242
16.1775, 163.0323
16.2011, 163.0404
16.2248, 163.0485
16.2484, 163.0566
16.2721, 163.0647
16.2957, 163.0728
16.3193, 163.0809
16.343, 163.089
16.3666, 163.0971
16.3902, 163.1052
16.4139, 163.1133
16.4375, 163.1214
16.4612, 163.1295
16.4848, 163.1376
16.5084, 163.1458
16.5321, 163.1539
16.5556, 163.162
16.5794, 163.1701
16.603, 163.1782
16.6266, 163.1863
16.6503, 163.1944
16.6739, 163.2025
16.6976, 163.2106
16.7212, 163.2187
16.7448, 163.2268
16.7685, 163.2349
16.7921, 163.2429
16.8157, 163.2511
16.8394, 163.2591
16.863, 163.2673
16.8867, 163.2753
16.9102, 163.2835
16.9339, 163.2916
16.9576, 163.2997
16.9811, 163.3078
17.0049, 163.316
17.0285, 163.3241
17.0521, 163.3322
17.0758, 163.3403
17.0994, 163.3484
17.1231, 163.3565
17.1467, 163.3646
17.1703, 163.3727
17.194, 163.3808
17.2176, 163.3889
17.2413, 163.397
17.2649, 163.4051
17.2885, 163.4132
17.3122, 163.4213
17.3357, 163.4294
17.3594, 163.4375
17.3831, 163.4456
17.4067, 163.4537
17.4304, 163.4618
17.454, 163.4699
17.4776, 163.478
17.5013, 163.4862
17.5249, 163.4943
17.5486, 163.5024
17.5722, 163.5105
17.5958, 163.5186
17.6195, 163.5267
17.6431, 163.5348
17.6669, 162.8572
17.6905, 162.8653
17.7142, 162.8734
17.7378, 162.8815
17.7614, 162.8896
17.7851, 162.8977
17.8087, 162.9058
17.8324, 162.914
17.8559, 162.9221
17.8796, 162.9302
17.9033, 162.9383
17.9268, 162.9464
17.9506, 162.9545
17.9742, 162.9626
17.9978, 162.9707
18.0215, 162.9788
18.0451, 162.9868
18.0688, 162.995
18.0924, 163.0031
18.116, 163.0112
18.1397, 163.0193
18.1633, 163.0274
18.187, 163.0355
18.2106, 163.0436
18.2342, 163.0517
18.2579, 163.0598
18.2814, 163.0679
18.3051, 163.0761
18.3288, 163.0842
18.3524, 163.0923
18.3761, 163.1004
18.3997, 163.1085
18.4233, 163.1166
18.447, 163.1247
18.4706, 163.1328
18.4943, 163.1409
18.5179, 163.149
18.5415, 163.1571
18.5652, 163.1652
18.5888, 163.1733
18.6125, 163.1814
18.636, 163.1895
18.6597, 163.1976
18.6834, 163.2057
18.7069, 163.2138
18.7306, 163.2219
18.7543, 163.23
18.7779, 163.2381
18.8016, 163.2463
18.8252, 163.2544
18.8488, 163.2625
18.8725, 163.2706
18.8961, 163.2787
18.9198, 163.2868
18.9434, 163.2949
18.967, 163.303
18.9907, 163.3111
19.0143, 163.3192
19.038, 163.3273
19.0617, 162.6497
19.0854, 162.6578
19.109, 162.6659
19.1326, 162.6741
19.1562, 162.6822
19.1799, 162.6903
19.2036, 162.6984
19.2272, 162.7065
19.2508, 162.7146
19.2745, 162.7227
19.2981, 162.7308
19.3218, 162.7389
19.3454, 162.7469
19.369, 162.7551
19.3927, 162.7631
19.4163, 162.7713
19.44, 162.7793
19.4636, 162.7875
19.4872, 162.7955
19.5109, 162.8037
19.5345, 162.8117
19.5583, 162.1343
19.5819, 162.1424
19.6056, 162.1505
19.6292, 162.1586
19.6528, 162.1667
19.6764, 162.1748
19.7001, 162.1829
19.7238, 162.191
19.7473, 162.1991
19.771, 162.2072
19.7947, 162.2153
19.8183, 162.2234
19.842, 162.2315
19.8656, 162.2396
19.8892, 162.2477
19.9129, 162.2558
19.9365, 162.2639
19.9603, 161.5864
19.9839, 161.5945
