#DataThief /Users/villaa/grav_project/NGC5533/NGC5533-bulge.png Saturday 20-Apr-2019 4:38:48 PM
0.4447, 217.2157
0.4445, 217.8994
0.4445, 218.5831
0.4443, 219.2668
0.4442, 219.9505
0.4676, 220.6407
0.4675, 221.3244
0.4674, 222.0082
0.4908, 222.6983
0.4907, 223.382
0.4906, 224.0658
0.4904, 224.7495
0.5139, 225.4397
0.5137, 226.1234
0.5372, 226.8136
0.537, 227.4973
0.5605, 228.1875
0.5604, 228.8712
0.5838, 229.5614
0.5836, 230.2451
0.5835, 230.9287
0.607, 231.619
0.6069, 232.3027
0.6303, 232.9929
0.6301, 233.6766
0.6536, 234.3668
0.6535, 235.0505
0.6768, 235.7407
0.7004, 236.4309
0.7238, 237.121
0.7473, 237.8112
0.7471, 238.4949
0.7706, 239.1851
0.794, 239.8753
0.8175, 240.5655
0.8409, 241.2556
0.8643, 241.9458
0.8878, 242.636
0.8877, 243.3197
0.9113, 243.3262
0.9346, 244.0163
0.9583, 244.0228
0.9819, 244.0292
0.9818, 244.713
1.0054, 244.7194
1.0289, 244.7259
1.0524, 245.416
1.076, 245.4224
1.0994, 246.1127
1.123, 246.1191
1.1465, 246.8093
1.17, 246.8157
1.1936, 246.8222
1.2171, 247.5124
1.2407, 247.5188
1.2642, 247.5253
1.2878, 247.5316
1.3114, 247.5382
1.335, 247.5446
1.3584, 248.2348
1.382, 248.2412
1.4056, 248.2477
1.4292, 248.2541
1.4527, 248.2606
1.4764, 248.267
1.4999, 248.2735
1.5234, 248.2799
1.5471, 248.2864
1.5707, 248.2928
1.5943, 248.2993
1.6179, 248.3057
1.6414, 248.3122
1.665, 248.3186
1.6886, 248.3251
1.7122, 248.3315
1.7358, 248.338
1.7595, 247.6606
1.7831, 247.6672
1.8067, 247.6736
1.8303, 247.6801
1.8538, 247.6865
1.8776, 247.0092
1.9011, 247.0157
1.9247, 247.0221
1.9483, 247.0286
1.972, 246.3513
1.9956, 246.3578
2.0192, 246.3642
2.0428, 246.3707
2.0665, 245.6934
2.0901, 245.6998
2.1138, 245.0226
2.1374, 245.029
2.161, 245.0355
2.1847, 244.3582
2.2083, 244.3647
2.2318, 244.3711
2.2554, 244.3776
2.2791, 243.7003
2.3027, 243.7067
2.3264, 243.0295
2.35, 243.0359
2.3738, 242.3586
2.3973, 242.3651
2.4209, 242.3715
2.4445, 241.6943
2.4682, 241.7006
2.4918, 241.7072
2.5154, 241.0299
2.5391, 241.0363
2.5628, 240.3591
2.5864, 240.3655
2.6099, 240.3719
2.6337, 239.6947
2.6573, 239.701
2.6808, 239.7076
2.7046, 239.0303
2.7282, 239.0368
2.7519, 238.3595
2.7755, 238.3659
2.7992, 237.6886
2.8228, 237.6951
2.8465, 237.0178
2.87, 237.0243
2.8937, 237.0307
2.9174, 236.3535
2.9409, 236.3599
2.9647, 235.6825
2.9883, 235.6891
3.0119, 235.6955
3.0356, 235.0183
3.0592, 235.0247
3.0827, 235.0312
3.1065, 234.3538
3.13, 234.3604
3.1538, 233.6831
3.1773, 233.6895
3.2009, 233.696
3.2246, 233.0187
3.2482, 233.0252
3.2719, 232.3479
3.2955, 232.3543
3.3191, 232.3608
3.3428, 231.6835
3.3665, 231.0062
3.3901, 231.0127
3.4137, 231.0191
3.4374, 230.3418
3.461, 230.3483
3.4847, 229.671
3.5083, 229.6775
3.5319, 229.6839
3.5556, 229.0067
3.5792, 229.0131
3.6029, 228.3357
3.6265, 228.3423
3.6501, 228.3487
3.6738, 227.6715
3.6974, 227.6779
3.721, 227.6844
3.7447, 227.0071
3.7683, 227.0135
3.792, 226.3363
3.8155, 226.3427
3.8393, 225.6654
3.8629, 225.6719
3.8864, 225.6783
3.9102, 225.0011
3.9338, 225.0075
3.9573, 225.014
3.9811, 224.3367
4.0048, 223.6594
4.0284, 223.6659
4.052, 223.6723
4.0757, 222.995
4.0993, 223.0015
4.1228, 223.008
4.1466, 222.3307
4.1701, 222.3371
4.1937, 222.3436
4.2174, 221.6663
4.241, 221.6728
4.2647, 220.9955
4.2883, 221.0019
4.312, 220.3247
4.3356, 220.3311
4.3593, 219.6538
4.3829, 219.6602
4.4064, 219.6667
4.4302, 218.9895
4.4538, 218.9959
4.4775, 218.3186
4.5011, 218.3251
4.5247, 218.3315
4.5484, 217.6543
4.572, 217.6606
4.5956, 217.6672
4.6193, 216.9899
4.6429, 216.9963
4.6665, 216.3191
4.6902, 216.3255
4.7139, 215.6482
4.7375, 215.6547
4.7612, 214.9774
4.7848, 214.9839
4.8085, 214.3066
4.8321, 214.3131
4.8558, 213.6358
4.8794, 213.6421
4.903, 213.6487
4.9266, 212.9714
4.9503, 212.9779
4.974, 212.3006
4.9976, 212.307
5.0213, 211.6298
5.0449, 211.6362
5.0685, 211.6427
5.0922, 210.9654
5.1158, 210.9718
5.1395, 210.2946
5.1631, 210.301
5.1868, 209.6237
5.2104, 209.6301
5.234, 209.6366
5.2575, 209.6431
5.2812, 208.9658
5.3048, 208.9723
5.3286, 208.295
5.3521, 208.3014
5.3757, 208.3079
5.3994, 207.6306
5.423, 207.6371
5.4466, 206.9598
5.4703, 206.9662
5.4939, 206.9727
5.5175, 206.979
5.5412, 206.3019
5.5648, 206.3083
5.5885, 205.631
5.612, 205.6375
5.6357, 205.6439
5.6594, 204.9667
5.683, 204.9731
5.7067, 204.2959
5.7303, 204.3023
5.7539, 204.3088
5.7776, 203.6315
5.8012, 203.6379
5.8249, 202.9607
5.8485, 202.967
5.8721, 202.9736
5.8956, 202.98
5.9192, 202.9865
5.9428, 202.3092
5.9665, 202.3155
5.9902, 201.6383
6.0138, 201.6448
6.0374, 201.6513
6.0611, 200.974
6.0848, 200.2967
6.1084, 200.3032
6.132, 200.3096
6.1556, 200.3161
6.1793, 199.6388
6.2029, 199.6452
6.2266, 198.968
6.2502, 198.9744
6.2738, 198.9809
6.2974, 198.3035
6.3211, 198.31
6.3447, 198.3165
6.3683, 198.3229
6.392, 197.6457
6.4156, 197.6521
6.4393, 196.9748
6.4628, 196.9813
6.4864, 196.9877
6.51, 196.9942
6.5337, 196.3169
6.5573, 196.3234
6.581, 195.6461
6.6046, 195.6524
6.6282, 195.659
6.6519, 194.9817
6.6755, 194.9882
6.6991, 194.9946
6.7227, 194.3174
6.7464, 194.3237
6.7701, 193.6465
6.7936, 193.653
6.8173, 193.6594
6.8409, 193.6659
6.8646, 192.9886
6.8881, 192.995
6.9118, 193.0015
6.9355, 192.3242
6.959, 192.3307
6.9826, 192.3371
7.0064, 191.6599
7.0299, 191.6663
7.0537, 190.9889
7.0772, 190.9955
7.1008, 191.0019
7.1245, 190.3247
7.1481, 190.3311
7.1717, 190.3376
7.1954, 189.6602
7.219, 189.6667
7.2426, 189.6732
7.2662, 189.6796
7.2898, 189.6861
7.3135, 189.0088
7.3371, 189.0153
7.3606, 189.0217
7.3844, 188.3444
7.4079, 188.3509
7.4315, 188.3573
7.4553, 187.6801
7.4788, 187.6865
7.5026, 187.0092
7.5261, 187.0157
7.5497, 187.0221
7.5733, 187.0286
7.597, 186.3513
7.6206, 186.3578
7.6442, 186.3642
7.6678, 186.3707
7.6915, 185.6934
7.7151, 185.6998
7.7387, 185.7063
7.7624, 185.029
7.786, 185.0355
7.8094, 185.0419
7.8331, 185.0484
7.8568, 184.3711
7.8803, 184.3776
7.904, 184.384
7.9277, 183.7067
7.9513, 183.7132
7.975, 183.0359
7.9986, 183.0424
8.0222, 183.0488
8.0459, 182.3715
8.0695, 182.378
8.0932, 181.7006
8.1168, 181.7072
8.1404, 181.7136
8.164, 181.7201
8.1876, 181.7265
8.2113, 181.0492
8.2349, 181.0557
8.2584, 181.0621
8.2822, 180.3849
8.3057, 180.3913
8.3295, 179.714
8.353, 179.7205
8.3766, 179.7269
8.4003, 179.0497
8.4239, 179.0561
8.4475, 179.0626
8.4712, 178.3853
8.4948, 178.3917
8.5184, 178.3982
8.5421, 177.7208
8.5657, 177.7274
8.5893, 177.7338
8.6129, 177.7403
8.6364, 177.7467
8.6602, 177.0694
8.6838, 177.0759
8.7073, 177.0823
8.7309, 177.0888
8.7546, 176.4115
8.7782, 176.418
8.8018, 176.4243
8.8255, 175.7471
8.8491, 175.7536
8.8727, 175.7601
8.8963, 175.7665
8.9199, 175.773
8.9434, 175.7793
8.9672, 175.1021
8.9907, 175.1086
9.0145, 174.4313
9.038, 174.4378
9.0616, 174.4442
9.0853, 173.7669
9.1089, 173.7734
9.1325, 173.7798
9.1562, 173.1026
9.1798, 173.109
9.2034, 173.1155
9.227, 173.1219
9.2507, 172.4445
9.2743, 172.4511
9.2979, 172.4575
9.3216, 171.7803
9.3452, 171.7867
9.3688, 171.7932
9.3923, 171.7995
9.4159, 171.8061
9.4396, 171.1288
9.4632, 171.1352
9.4868, 170.458
9.5105, 170.4644
9.5341, 170.4708
9.5577, 170.4773
9.5813, 170.4838
9.605, 169.8065
9.6286, 169.8129
9.6522, 169.8194
9.6757, 169.8258
9.6993, 169.8323
9.7229, 169.8387
9.7465, 169.8452
9.7702, 169.1679
9.7938, 169.1743
9.8174, 169.1808
9.8411, 168.5034
9.8647, 168.51
9.8883, 168.5164
9.912, 167.8392
9.9356, 167.8456
9.959, 167.8521
9.9828, 167.1748
10.0065, 167.1813
10.03, 167.1877
10.0538, 166.5104
10.0773, 166.5169
10.1009, 166.5232
10.1245, 166.5298
10.1481, 166.5362
10.1717, 166.5427
10.1953, 166.5491
10.219, 165.8719
10.2426, 165.8782
10.2661, 165.8848
10.2897, 165.8912
10.3134, 165.2139
10.337, 165.2204
10.3606, 165.2268
10.3843, 164.5495
10.4079, 164.556
10.4315, 164.5625
10.4551, 164.5689
10.4787, 164.5754
10.5022, 164.5817
10.526, 163.9045
10.5495, 163.911
10.5731, 163.9174
10.5968, 163.2402
10.6204, 163.2466
10.644, 163.253
10.6676, 163.2595
10.6913, 162.5822
10.7149, 162.5887
10.7385, 162.5951
10.7621, 162.6016
10.7858, 161.9243
10.8094, 161.9308
10.833, 161.9372
10.8565, 161.9437
10.8801, 161.9501
10.9038, 161.2728
10.9274, 161.2793
10.951, 161.2857
10.9746, 161.2922
10.9982, 161.2986
11.0218, 161.3051
11.0455, 160.6278
11.0691, 160.6343
11.0928, 159.9569
11.1164, 159.9634
11.1399, 159.9699
11.1635, 159.9763
11.1872, 159.2991
11.2107, 159.3054
11.2344, 159.312
11.258, 159.3184
11.2816, 159.3249
11.3052, 159.3313
11.3287, 159.3378
11.3525, 158.6604
11.376, 158.667
11.3996, 158.6734
11.4233, 157.9961
11.4469, 158.0026
11.4705, 158.009
11.4942, 157.3317
11.5178, 157.3382
11.5413, 157.3447
11.565, 157.3511
11.5886, 157.3576
11.6122, 157.3639
11.6359, 156.6867
11.6595, 156.6932
11.683, 156.6996
11.7066, 156.7061
11.7302, 156.7125
11.7538, 156.7189
11.7774, 156.0417
11.8011, 156.0482
11.8247, 156.0546
11.8011, 156.0482
11.7774, 156.0417
11.7539, 156.0352
11.7303, 156.0288
11.7067, 156.0224
11.6832, 156.0159
11.6596, 156.0095
11.6359, 156.6867
11.6122, 156.6803
11.5887, 156.6738
