#DataThief /Users/villaa/grav_project/NGC5533/NGC5533-gas.png Saturday 20-Apr-2019 4:54:19 PM
0.2293, -5.0733
0.2529, -5.0677
0.2765, -5.062
0.3001, -5.0564
0.3235, -4.367
0.3472, -4.3614
0.3708, -4.3557
0.3944, -4.3501
0.418, -4.3444
0.4416, -4.3388
0.4652, -4.3331
0.4887, -3.6437
0.5123, -3.6381
0.5359, -3.6324
0.5594, -3.6268
0.583, -2.9374
0.6066, -2.9317
0.6301, -2.9261
0.6539, -2.9203
0.6775, -2.9148
0.701, -2.9091
0.7247, -2.9035
0.7483, -2.8978
0.7719, -2.8921
0.7955, -2.8864
0.8191, -2.8809
0.8428, -2.8752
0.8664, -2.8696
0.89, -2.8639
0.9135, -2.1746
0.9371, -2.1689
0.9607, -2.1633
0.9843, -2.1576
1.0079, -2.152
1.0315, -2.1463
1.0551, -2.1407
1.0787, -2.135
1.1023, -2.1294
1.126, -2.1237
1.1496, -2.1181
1.1732, -2.1124
1.1968, -2.1068
1.2204, -2.1011
1.244, -2.0954
1.2675, -1.4061
1.2911, -1.4003
1.3147, -1.3948
1.3383, -1.3891
1.3618, -1.3835
1.3856, -1.3778
1.4092, -1.3721
1.4328, -1.3665
1.4564, -1.3609
1.48, -1.3552
1.5036, -1.3496
1.5272, -1.3439
1.5508, -1.3383
1.5744, -1.3326
1.5981, -1.327
1.6217, -1.3213
1.6453, -1.3157
1.6689, -1.31
1.6925, -1.3044
1.716, -0.615
1.7396, -0.6093
1.7631, -0.6037
1.7868, -0.5979
1.8104, -0.5924
1.834, -0.5867
1.8575, 0.1027
1.8811, 0.1083
1.9047, 0.114
1.9284, 0.1196
1.952, 0.1253
1.9756, 0.1309
1.9992, 0.1366
2.0228, 0.1421
2.0464, 0.1479
2.07, 0.1535
2.0936, 0.1592
2.1172, 0.1648
2.1409, 0.1705
2.1645, 0.1761
2.1879, 0.8655
2.2116, 0.8711
2.2352, 0.8768
2.2588, 0.8824
2.2824, 0.8881
2.306, 0.8937
2.3296, 0.8994
2.3532, 0.905
2.3768, 0.9106
2.4003, 0.9163
2.4241, 0.922
2.4477, 0.9276
2.4713, 0.9333
2.4949, 0.9388
2.5185, 0.9445
2.542, 1.634
2.5655, 1.6396
2.5892, 1.6453
2.6128, 1.6509
2.6364, 1.6566
2.66, 1.6622
2.6837, 1.6679
2.7073, 1.6735
2.7309, 1.6792
2.7545, 1.6848
2.7781, 1.6905
2.8016, 2.3799
2.8252, 2.3855
2.8488, 2.3912
2.8723, 2.3968
2.896, 2.4025
2.9196, 2.4081
2.9432, 2.4138
2.9668, 2.4194
2.9905, 2.4251
3.0141, 2.4307
3.0377, 2.4364
3.0613, 2.442
3.0849, 2.4477
3.1085, 2.4533
3.132, 2.459
3.1558, 2.4646
3.1794, 2.4703
3.203, 2.4759
3.2266, 2.4816
3.2502, 2.4872
3.2737, 3.1766
3.2973, 3.1823
3.3209, 3.1879
3.3445, 3.1936
3.3681, 3.1992
3.3917, 3.2049
3.4153, 3.2105
3.439, 3.2162
3.4626, 3.2218
3.4862, 3.2275
3.5098, 3.2331
3.5333, 3.2388
3.557, 3.2444
3.5806, 3.2501
3.6042, 3.2557
3.6279, 3.2614
3.6515, 3.267
3.6751, 3.2727
3.6985, 3.962
3.7222, 3.9677
3.7458, 3.9733
3.7694, 3.979
3.793, 3.9846
3.8166, 3.9903
3.8401, 3.996
3.8638, 4.0016
3.8874, 4.0073
3.9111, 4.0129
3.9344, 4.7023
3.9581, 4.7079
3.9818, 4.7136
4.0054, 4.7191
4.029, 4.7248
4.0526, 4.7305
4.0762, 4.7362
4.0998, 4.7418
4.1233, 5.4312
4.1469, 5.4369
4.1705, 5.4425
4.1941, 5.4482
4.2177, 5.4538
4.2413, 5.4595
4.265, 5.4651
4.2886, 5.4708
4.3122, 5.4764
4.3357, 5.4821
4.3594, 5.4877
4.383, 5.4934
4.4066, 5.499
4.4302, 5.5047
4.4539, 5.5103
4.4775, 5.516
4.5009, 6.2054
4.5246, 6.211
4.5482, 6.2167
4.5718, 6.2223
4.5954, 6.228
4.619, 6.2336
4.6425, 6.2393
4.6662, 6.2449
4.6898, 6.2506
4.7134, 6.2562
4.737, 6.2619
4.7607, 6.2675
4.7843, 6.2732
4.8079, 6.2788
4.8315, 6.2845
4.8551, 6.2901
4.8787, 6.2958
4.9022, 6.3014
4.9258, 6.9908
4.9494, 6.9964
4.9729, 7.0021
4.9967, 7.0077
5.0203, 7.0134
5.0439, 7.019
5.0675, 7.0247
5.0911, 7.0303
5.1147, 7.036
5.1383, 7.0416
5.1619, 7.0473
5.1855, 7.053
5.2092, 7.0586
5.2328, 7.0643
5.2564, 7.0699
5.28, 7.0756
5.3035, 7.7649
5.3271, 7.7706
5.3507, 7.7762
5.3743, 7.7819
5.3979, 7.7875
5.4215, 7.7932
5.4451, 7.7988
5.4687, 7.8045
5.4924, 7.8101
5.516, 7.8157
5.5396, 7.8214
5.5632, 7.8271
5.5868, 7.8327
5.6104, 7.8384
5.634, 7.8439
5.6576, 7.8497
5.6813, 7.8553
5.7048, 7.861
5.7285, 7.8666
5.752, 8.556
5.7755, 8.5617
5.7992, 8.5673
5.8228, 8.573
5.8464, 8.5786
5.87, 8.5843
5.8936, 8.5899
5.9172, 8.5956
5.9407, 8.6012
5.9645, 8.6069
5.9881, 8.6125
6.0117, 8.6181
6.0352, 8.6238
6.0589, 8.6295
6.0825, 8.6351
6.1061, 8.6408
6.1296, 9.3302
6.1532, 9.3357
6.1768, 9.3415
6.2004, 9.3471
6.2241, 9.3528
6.2477, 9.3584
6.2713, 9.3641
6.2949, 9.3697
6.3185, 9.3754
6.3421, 9.381
6.3657, 9.3867
6.3893, 9.3923
6.4129, 9.398
6.4365, 9.4036
6.4602, 9.4093
6.4838, 9.4149
6.5074, 9.4205
6.5309, 10.11
6.5545, 10.1156
6.5781, 10.1213
6.6017, 10.1269
6.6253, 10.1326
6.6489, 10.1381
6.6724, 10.1439
6.6962, 10.1495
6.7198, 10.1552
6.7433, 10.1608
6.7669, 10.8502
6.7905, 10.8558
6.8141, 10.8615
6.8377, 10.8671
6.8613, 10.8728
6.8849, 10.8784
6.9085, 10.8841
6.9321, 10.8897
6.9557, 10.8954
6.9794, 10.901
7.003, 10.9066
7.0266, 10.9123
7.0502, 10.918
7.0738, 10.9236
7.0974, 10.9293
7.121, 10.9348
7.1446, 10.9405
7.1683, 10.9462
7.1919, 10.9519
7.2155, 10.9575
7.2391, 10.9632
7.2626, 11.6526
7.2862, 11.6582
7.3098, 11.6639
7.3334, 11.6695
7.357, 11.6752
7.3806, 11.6808
7.4042, 11.6865
7.4278, 11.6921
7.4515, 11.6978
7.4748, 12.3872
7.4985, 12.3928
7.5222, 12.3985
7.5457, 12.4041
7.5694, 12.4098
7.593, 12.4154
7.6166, 12.4211
7.6402, 12.4267
7.6638, 12.4324
7.6874, 12.438
7.7111, 12.4437
7.7347, 12.4493
7.7583, 12.455
7.7819, 12.4606
7.8054, 12.4663
7.8291, 12.4719
7.8526, 13.1613
7.8761, 13.167
7.8998, 13.1726
7.9234, 13.1783
7.947, 13.1839
7.9706, 13.1896
7.9943, 13.1952
8.0179, 13.2009
8.0415, 13.2065
8.0651, 13.2122
8.0887, 13.2178
8.1123, 13.2235
8.1359, 13.2291
8.1595, 13.2348
8.1831, 13.2404
8.2066, 13.9298
8.2302, 13.9354
8.2538, 13.9411
8.2775, 13.9466
8.3011, 13.9524
8.3247, 13.958
8.3483, 13.9637
8.3719, 13.9693
8.3955, 13.975
8.4191, 13.9806
8.4426, 13.9863
8.4664, 13.9919
8.49, 13.9976
8.5135, 14.0032
8.5372, 14.0089
8.5607, 14.6983
8.5843, 14.7039
8.6078, 14.7096
8.6315, 14.7151
8.6551, 14.7208
8.6787, 14.7265
8.7023, 14.7322
8.7259, 14.7378
8.7496, 14.7435
8.7732, 14.749
8.7968, 14.7548
8.8204, 14.7604
8.8439, 14.7661
8.8676, 14.7717
8.8911, 15.4611
8.9146, 15.4668
8.9383, 15.4724
8.9619, 15.4781
8.9855, 15.4837
9.0092, 15.4894
9.0328, 15.495
9.0564, 15.5007
9.08, 15.5063
9.1036, 15.512
9.1272, 15.5175
9.1508, 15.5232
9.1743, 15.5289
9.198, 15.5346
9.2215, 16.224
9.2451, 16.2296
9.2687, 16.2353
9.2924, 16.2409
9.316, 16.2466
9.3396, 16.2522
9.3632, 16.2579
9.3868, 16.2635
9.4104, 16.2692
9.434, 16.2748
9.4576, 16.2805
9.4811, 16.9698
9.5047, 16.9755
9.5283, 16.9811
9.552, 16.9868
9.5756, 16.9924
9.5992, 16.9981
9.6228, 17.0037
9.6463, 17.0094
9.67, 17.015
9.6936, 17.0207
9.7172, 17.0263
9.7408, 17.032
9.7645, 17.0376
9.7881, 17.0433
9.8117, 17.0489
9.8353, 17.0546
9.8589, 17.0603
9.8824, 17.0659
9.9061, 17.0716
9.9297, 17.0772
9.9533, 17.0829
9.9768, 17.7722
10.0004, 17.7779
10.024, 17.7835
10.0477, 17.7892
10.0713, 17.7948
10.0949, 17.8005
10.1185, 17.8061
10.1421, 17.8117
10.1657, 17.8174
10.1893, 17.8231
10.2129, 17.8287
10.2366, 17.8344
10.2602, 17.8399
10.2838, 17.8457
10.3074, 17.8513
10.331, 17.857
10.3546, 17.8626
10.378, 18.552
10.4017, 18.5577
10.4253, 18.5633
10.4489, 18.569
10.4725, 18.5746
10.4961, 18.5803
10.5198, 18.5859
10.5434, 18.5916
10.567, 18.5972
10.5906, 18.6029
10.6141, 18.6085
10.6378, 18.6141
10.6614, 18.6198
10.6848, 19.3092
10.7085, 19.3149
10.7321, 19.3205
10.7557, 19.3262
10.7793, 19.3317
10.803, 19.3375
10.8266, 19.3431
10.8502, 19.3488
10.8738, 19.3544
10.8974, 19.3601
10.921, 19.3657
10.9445, 19.3714
10.9682, 19.377
10.9919, 19.3827
11.0155, 19.3883
11.0391, 19.394
11.0627, 19.3996
11.0863, 19.4053
11.1099, 19.4109
11.1335, 19.4166
11.1571, 19.4222
11.1808, 19.4279
11.2042, 20.1173
11.2278, 20.1229
11.2515, 20.1286
11.2751, 20.1342
11.2987, 20.1399
11.3223, 20.1455
11.3458, 20.1512
11.3695, 20.1568
11.3931, 20.1625
11.4167, 20.1681
11.4403, 20.1738
11.464, 20.1794
11.4876, 20.1851
11.5112, 20.1907
11.5347, 20.8801
11.5583, 20.8857
11.5819, 20.8914
11.6055, 20.897
11.6291, 20.9026
11.6526, 20.9083
11.6763, 20.914
11.6999, 20.9196
11.7235, 20.9253
11.7471, 20.9308
11.7708, 20.9365
11.7944, 20.9422
11.818, 20.9479
11.8415, 21.6373
11.8651, 21.6429
11.8887, 21.6486
11.9123, 21.6542
11.9359, 21.6599
11.9595, 21.6655
11.983, 21.6712
12.0068, 21.6768
12.0304, 21.6825
12.054, 21.6881
12.0776, 21.6938
12.1012, 21.6994
12.1248, 21.705
12.1484, 21.7107
12.172, 21.7164
12.1956, 21.722
12.2193, 21.7277
12.2429, 21.7332
12.2665, 21.7389
12.2901, 21.7446
12.3136, 21.7503
12.3373, 21.7559
12.3609, 21.7616
12.3845, 21.7671
12.4082, 21.7729
12.4318, 21.7785
12.4554, 21.7842
12.479, 21.7898
12.5026, 21.7955
12.5262, 21.8011
12.5497, 22.4905
12.5733, 22.4962
12.5969, 22.5018
12.6205, 22.5074
12.6441, 22.5131
12.6677, 22.5188
12.6914, 22.5244
12.7149, 22.5301
12.7386, 22.5356
12.7622, 22.5413
12.7858, 22.547
12.8094, 22.5527
12.833, 22.5583
12.8566, 22.564
12.8801, 22.5695
12.9039, 22.5753
12.9275, 22.5809
12.951, 22.5866
12.9747, 22.5922
12.9983, 22.5979
13.0219, 22.6035
13.0455, 22.6092
13.0691, 22.6148
13.0928, 22.6205
13.1164, 22.6261
13.14, 22.6318
13.1636, 22.6374
13.1872, 22.6431
13.2107, 22.6487
13.2344, 22.6543
13.258, 22.66
13.2816, 22.6657
13.3053, 22.6713
13.3289, 22.677
13.3525, 22.6825
13.3761, 22.6883
13.3997, 22.6939
13.4233, 22.6996
13.4469, 22.7052
13.4705, 22.7109
13.494, 23.4003
13.5175, 23.4059
13.5412, 23.4116
13.5649, 23.4172
13.5885, 23.4229
13.612, 23.4285
13.6357, 23.4342
13.6593, 23.4398
13.6829, 23.4455
13.7065, 23.4511
13.7301, 23.4567
13.7537, 23.4624
13.7774, 23.4681
13.801, 23.4737
13.8246, 23.4794
13.8481, 23.4849
13.8718, 23.4907
13.8954, 23.4963
13.919, 23.502
13.9426, 23.5076
13.9663, 23.5133
13.9899, 23.5189
14.0135, 23.5246
14.0371, 23.5302
14.0607, 23.5359
14.0843, 23.5415
14.1078, 24.2309
14.1314, 24.2366
14.155, 24.2422
14.1786, 24.2479
14.2022, 24.2535
14.2258, 24.2591
14.2495, 24.2648
14.2731, 24.2705
14.2967, 24.2761
14.3203, 24.2818
14.3439, 24.2873
14.3675, 24.2931
14.3911, 24.2987
14.4147, 24.3044
14.4383, 24.31
14.462, 24.3157
14.4856, 24.3213
14.5091, 24.327
14.5328, 24.3326
14.5564, 24.3383
14.58, 24.3439
14.6036, 24.3496
14.6272, 24.3552
14.6509, 24.3609
14.6743, 25.0503
14.6979, 25.0559
14.7216, 25.0616
14.7452, 25.0672
14.7688, 25.0729
14.7924, 25.0785
14.8159, 25.0842
14.8396, 25.0898
14.8632, 25.0955
14.8868, 25.1011
14.9104, 25.1068
14.9341, 25.1124
14.9577, 25.1181
14.9813, 25.1237
15.0049, 25.1294
15.0285, 25.135
15.0521, 25.1407
15.0757, 25.1463
15.0993, 25.152
15.123, 25.1576
15.1466, 25.1633
15.1702, 25.1689
15.1938, 25.1746
15.2174, 25.1802
15.241, 25.1859
15.2646, 25.1915
15.2882, 25.1972
15.3118, 25.2028
15.3355, 25.2085
15.3591, 25.2141
15.3827, 25.2198
15.4062, 25.2254
15.4299, 25.2311
15.4535, 25.2367
15.4771, 25.2424
15.5007, 25.248
15.5243, 25.2537
15.548, 25.2593
15.5716, 25.265
15.5952, 25.2706
15.6188, 25.2763
15.6423, 25.2819
15.666, 25.2876
15.6896, 25.2932
15.7132, 25.2989
15.7367, 25.9883
15.7603, 25.9939
15.7839, 25.9996
15.8075, 26.0052
15.8312, 26.0109
15.8548, 26.0165
15.8784, 26.0222
15.902, 26.0278
15.9256, 26.0335
15.9492, 26.0391
15.9727, 26.0448
15.9964, 26.0504
16.0201, 26.0561
16.0437, 26.0617
16.0673, 26.0674
16.0909, 26.073
16.1144, 26.7624
16.138, 26.7681
16.1616, 26.7737
16.1852, 26.7793
16.2088, 26.785
16.2324, 26.7907
16.256, 26.7963
16.2797, 26.802
16.3033, 26.8075
16.3269, 26.8133
16.3505, 26.8189
16.374, 26.8246
16.3977, 26.8302
16.4213, 26.8359
16.4449, 26.8415
16.4685, 26.8472
16.4922, 26.8528
16.5158, 26.8585
16.5394, 26.8641
16.563, 26.8698
16.5866, 26.8754
16.6101, 26.8811
16.6338, 26.8867
16.6574, 26.8923
16.6808, 27.5817
16.7045, 27.5874
16.7281, 27.5931
16.7518, 27.5987
16.7753, 27.6044
16.799, 27.6099
16.8226, 27.6157
16.8462, 27.6213
16.8698, 27.627
16.8934, 27.6326
16.917, 27.6383
16.9405, 27.6439
16.9643, 27.6496
16.9879, 27.6552
17.0115, 27.6609
17.0351, 27.6665
17.0587, 27.6722
17.0823, 27.6778
17.1059, 27.6835
17.1295, 27.6891
17.1531, 27.6947
17.1768, 27.7004
17.2004, 27.7061
17.224, 27.7117
17.2476, 27.7174
17.2711, 27.7229
17.2948, 27.7287
17.3184, 27.7343
17.342, 27.74
17.3655, 28.4294
17.3891, 28.435
17.4127, 28.4407
17.4364, 28.4463
17.46, 28.452
17.4836, 28.4576
17.5072, 28.4633
17.5308, 28.4689
17.5544, 28.4746
17.5779, 28.4802
17.6016, 28.4859
17.6252, 28.4915
17.6489, 28.4971
17.6724, 28.5028
17.6961, 28.5085
17.7197, 28.5141
17.7433, 28.5198
17.7669, 28.5253
17.7905, 28.5311
17.814, 29.2204
17.8376, 29.2261
17.8612, 29.2317
17.8848, 29.2374
17.9085, 29.2429
17.9321, 29.2487
17.9557, 29.2543
17.9792, 29.26
18.0029, 29.2657
18.0265, 29.2713
18.0501, 29.277
18.0737, 29.2826
18.0973, 29.2883
18.121, 29.2939
18.1446, 29.2995
18.1682, 29.3052
18.1918, 29.3109
18.2154, 29.3165
18.2389, 29.3222
18.2626, 29.3277
18.2862, 29.3335
18.3099, 29.3391
18.3335, 29.3448
18.3571, 29.3504
18.3807, 29.3561
18.4043, 29.3617
18.4279, 29.3674
18.4515, 29.373
18.4751, 29.3787
18.4987, 29.3843
18.5224, 29.39
18.546, 29.3956
18.5695, 29.4013
18.5932, 29.4069
18.6168, 29.4126
18.6404, 29.4182
18.6639, 30.1076
18.6875, 30.1132
18.7111, 30.1189
18.7347, 30.1245
18.7583, 30.1302
18.7819, 30.1359
18.8056, 30.1415
18.8292, 30.1472
18.8528, 30.1528
18.8763, 30.1585
18.9, 30.1641
18.9236, 30.1698
18.9472, 30.1754
18.9708, 30.1811
18.9945, 30.1867
19.0179, 30.8761
19.0415, 30.8817
19.0652, 30.8874
19.0888, 30.893
19.1124, 30.8987
19.136, 30.9043
19.1596, 30.91
19.1832, 30.9156
19.2068, 30.9213
19.2304, 30.9268
19.254, 30.9325
19.2777, 30.9382
19.3013, 30.9439
19.3249, 30.9495
19.3485, 30.9552
19.3721, 30.9607
19.3957, 30.9665
19.4193, 30.9721
19.4429, 30.9778
19.4666, 30.9834
19.4902, 30.9891
19.5138, 30.9947
19.5373, 31.0004
19.561, 31.0061
19.5846, 31.0117
19.6082, 31.0174
19.6318, 31.023
19.6554, 31.0287
19.6791, 31.0343
19.7027, 31.04
19.7263, 31.0456
19.7499, 31.0513
19.7734, 31.0569
19.7971, 31.0626
19.8207, 31.0682
19.8441, 31.7576
19.8678, 31.7631
