0	11717.36684
0.05326	11470.69464
0.05899	11444.44163
0.06473	11418.24871
0.07128	11388.38734
0.07866	11354.88663
0.08603	11321.48447
0.09504	11280.79302
0.10406	11240.24782
0.11471	11192.5186
0.12618	11141.34453
0.13847	11086.77479
0.1524	11025.25213
0.16796	10956.89542
0.18435	10885.39881
0.2032	10803.75426
0.22368	10715.7046
0.2458	10621.41678
0.27038	10517.62527
0.29742	10404.62567
0.32691	10282.73754
0.35969	10148.98025
0.39574	10003.85595
0.43507	9847.90425
0.47931	9675.36269
0.52683	9493.40603
0.57927	9296.59488
0.63744	9083.02786
0.70135	8854.05625
0.77181	8608.28503
0.84883	8347.44817
0.93322	8070.70358
1.02663	7775.08808
1.12904	7463.37897
1.24211	7133.74547
1.36665	6787.49472
1.50348	6471.50057
1.65342	5888.63696
1.81892	5733.62525
2.00082	5311.65673
2.20073	4862.16873
2.42114	4422.11494
2.66284	3607.69676
2.92912	3221.2915
3.22245	2744.29015
3.54444	2206.12455
3.89922	1791.55451
4.28922	1599.66862
4.71773	1408.73734
5.18967		1216.83033
5.70913		1073.56916
6.27938		858.28204
6.90781		662.56734
7.59851		546.047
8.35804		443.84367
9.19376		310.76352
10.11305	185.19533
11.12493	105.59176
12.23759	53.36175
13.46086	37.91666
14.80702	27.77346
16.28756	21.22414
17.9164		17.15655
19.70829	13.59033
21.67879	9.46303
23.84675	7.48911
26.23183	4.605
28.85452	3.85505
31.74022	3.45168
34.91433	2.41452
38.40551	1.79982
42.24656	1.51088