#DataThief /Users/villaa/./Desktop/Screen Shot 2019-02-11 at 12.20.03.png Monday 11-Feb-2019 12:22:17 PM
-24.0168, -159.6326
-21.6955, -159.1477
-19.3742, -158.6627
-17.0528, -158.1778
-14.7315, -157.6928
-14.7204, -157.2098
-12.399, -156.7248
-10.0777, -156.2399
-7.7564, -155.755
-5.435, -155.27
-3.1249, -155.2682
-0.8147, -155.2663
1.5066, -154.7814
3.8168, -154.7795
6.127, -154.7776
8.4483, -154.2928
10.7585, -154.291
13.0686, -154.2891
15.3788, -154.2873
17.689, -154.2854
20.0103, -153.8005
22.3205, -153.7987
24.6306, -153.7969
26.9407, -153.795
29.251, -153.7932
31.5611, -153.7913
33.8713, -153.7894
36.1926, -153.3046
38.5028, -153.3028
40.813, -153.3009
43.1232, -153.2991
45.4333, -153.2973
47.7435, -153.2953
50.0537, -153.2936
52.3638, -153.2917
54.674, -153.2899
56.9952, -152.805
59.3054, -152.8031
61.6157, -152.8013
63.9258, -152.7995
66.236, -152.7976
68.5462, -152.7957
70.8563, -152.794
73.1665, -152.7921
75.4767, -152.7903
77.7868, -152.7885
80.097, -152.7866
82.4072, -152.7848
84.7174, -152.783
87.0164, -153.2642
89.3265, -153.2624
91.6367, -153.2606
93.9468, -153.2587
96.257, -153.2569
98.5672, -153.2551
100.8774, -153.2532
103.1764, -153.7345
105.4866, -153.7327
107.7967, -153.7308
110.1069, -153.729
112.4059, -154.2103
114.7161, -154.2084
117.0151, -154.6897
119.3252, -154.6878
121.6242, -155.1691
123.9344, -155.1673
126.2446, -155.1654
128.5548, -155.1636
130.8538, -155.6449
133.1528, -156.1261
135.4518, -156.6074
137.762, -156.6056
140.0721, -156.6037
142.3822, -156.6019
144.6813, -157.0832
146.9915, -157.0813
149.2905, -157.5626
151.6007, -157.5608
153.8997, -158.042
156.2098, -158.0402
156.1987, -158.5232
158.5088, -158.5215
160.8077, -159.0027
160.7967, -159.4858
163.0957, -159.967
165.4059, -159.9653
165.3947, -160.4484
165.3835, -160.9315
165.3724, -161.4146
167.6714, -161.8958
167.6602, -162.3789
167.6491, -162.862
167.6379, -163.3451
169.9369, -163.8264
169.9258, -164.3094
172.2248, -164.7908
172.2136, -165.2739
172.2024, -165.757
174.5015, -166.2382
174.4903, -166.7213
174.4791, -167.2044
176.7781, -167.6857
176.767, -168.1688
179.066, -168.6501
179.0548, -169.1332
181.3538, -169.6143
181.3427, -170.0975
181.3315, -170.5806
183.6305, -171.0619
183.6194, -171.545
183.6082, -172.0281
185.9072, -172.5093
185.8961, -172.9925
188.1951, -173.4737
188.1839, -173.9567
188.1727, -174.4399
188.1616, -174.923
190.4606, -175.4043
190.4494, -175.8874
190.4383, -176.3705
192.7372, -176.8518
195.0363, -177.333
195.0251, -177.8161
197.3241, -178.2974
197.313, -178.7805
197.3018, -179.2636
197.2907, -179.7467
197.2795, -180.2298
199.5785, -180.7111
199.5673, -181.1942
199.5562, -181.6773
201.8552, -182.1585
201.8439, -182.6416
204.143, -183.1229
204.1319, -183.6059
204.1207, -184.0891
206.4197, -184.5704
206.4086, -185.0535
206.3974, -185.5366
206.3862, -186.0197
208.6853, -186.5009
208.6741, -186.984
208.6629, -187.4671
210.962, -187.9484
210.9508, -188.4315
210.9396, -188.9146
213.2386, -189.3959
213.2275, -189.879
213.2163, -190.362
215.5152, -190.8433
215.5042, -191.3264
215.4929, -191.8094
215.4818, -192.2926
217.7809, -192.7739
217.7697, -193.257
217.7585, -193.7401
220.0575, -194.2214
220.0464, -194.7045
220.0352, -195.1876
222.3342, -195.6688
222.3231, -196.152
224.6221, -196.6332
224.6109, -197.1163
226.9099, -197.5976
226.8988, -198.0807
226.8876, -198.5638
229.1865, -199.0451
229.1755, -199.5282
231.4745, -200.0094
233.7734, -200.4907
236.0725, -200.9719
238.3715, -201.4532
240.6817, -201.4514
242.9918, -201.4495
245.302, -201.4477
247.6122, -201.4459
247.6233, -200.9628
249.9447, -200.4778
249.9558, -199.9947
249.967, -199.5116
252.2883, -199.0267
252.2995, -198.5436
254.6096, -198.5417
254.6208, -198.0587
256.9421, -197.5737
256.9533, -197.0906
256.9644, -196.6075
256.9756, -196.1244
256.9868, -195.6413
256.9979, -195.1582
257.0091, -194.6751
259.3304, -194.1902
261.6406, -194.1884
263.9508, -194.1865
266.2721, -193.7016
268.5934, -193.2167
270.9146, -192.7317
273.2361, -192.2468
275.5574, -191.7618
275.5686, -191.2787
277.8899, -190.7938
277.901, -190.3107
280.2224, -189.8258
282.5436, -189.3408
282.5549, -188.8577
282.5659, -188.3746
284.8874, -187.8897
284.8984, -187.4066
287.2198, -186.9217
287.231, -186.4386
289.5523, -185.9536
289.5635, -185.4705
291.8848, -184.9856
291.896, -184.5025
291.9071, -184.0194
294.2285, -183.5345
294.2396, -183.0514
296.561, -182.5664
296.5721, -182.0833
298.8935, -181.5984
301.2147, -181.1135
301.2259, -180.6303
303.5473, -180.1454
305.8686, -179.6604
308.1788, -179.6585
308.1899, -179.1755
310.5112, -178.6905
310.5224, -178.2075
312.8437, -177.7226
315.1651, -177.2376
315.1762, -176.7545
317.4864, -176.7527
317.4976, -176.2696
319.8189, -175.7847
322.1402, -175.2997
324.4616, -174.8148
326.7829, -174.3299
329.0931, -174.328
329.1042, -173.8449
331.4255, -173.3599
333.7469, -172.8751
333.758, -172.392
336.0794, -171.907
338.4007, -171.4221
338.4119, -170.939
340.7332, -170.4541
343.0545, -169.9691
343.0657, -169.486
345.387, -169.0011
347.7083, -168.5161
350.0297, -168.0312
350.0408, -167.5481
352.362, -167.0632
354.6835, -166.5782
357.0048, -166.0933
359.3261, -165.6084
361.6475, -165.1234
363.9687, -164.6385
363.98, -164.1554
366.2901, -164.1536
368.6002, -164.1517
370.9104, -164.1499
373.2206, -164.1481
375.5308, -164.1461
377.841, -164.1444
380.1511, -164.1426
382.4613, -164.1407
384.7715, -164.1389
387.0816, -164.1371
389.3807, -164.6183
391.6907, -164.6165
393.9898, -165.0977
396.3, -165.0959
398.599, -165.5772
400.9092, -165.5753
400.898, -166.0584
400.8869, -166.5415
400.8757, -167.0247
400.8645, -167.5078
403.1635, -167.9889
403.1524, -168.4721
403.1412, -168.9552
405.4402, -169.4365
405.4291, -169.9196
405.4179, -170.4027
405.4068, -170.8858
405.3956, -171.3689
405.3844, -171.8519
407.6834, -172.3333
407.6723, -172.8164
407.6611, -173.2995
409.9601, -173.7807
409.9489, -174.2638
409.9378, -174.7469
412.2368, -175.2282
412.2257, -175.7113
414.5358, -175.7095
416.8348, -176.1907
419.1338, -176.672
419.1227, -177.1551
421.4217, -177.6364
423.7207, -178.1176
426.0197, -178.5989
428.3299, -178.5971
430.6289, -179.0783
432.9279, -179.5596
435.2381, -179.5577
437.5371, -180.039
439.8472, -180.0372
442.1574, -180.0352
444.4564, -180.5166
446.7553, -180.9979
449.0544, -181.4791
451.3534, -181.9604
453.6524, -182.4417
455.9626, -182.4398
458.2728, -182.438
460.5718, -182.9193
462.882, -182.9174
465.1921, -182.9156
467.5023, -182.9138
469.8125, -182.9119
472.1226, -182.9101
472.1338, -182.427
474.4551, -181.9421
474.4663, -181.459
474.4775, -180.9759
474.4886, -180.4928
474.4998, -180.0097
474.5109, -179.5266
474.5221, -179.0435
476.8434, -178.5585
476.8546, -178.0754
476.8657, -177.5923
476.8769, -177.1092
476.8881, -176.6261
476.8992, -176.143
476.9104, -175.6599
479.2317, -175.175
479.2429, -174.6919
479.254, -174.2088
481.5754, -173.7238
481.5865, -173.2407
481.5977, -172.7576
481.6088, -172.2745
481.62, -171.7913
481.6312, -171.3083
483.9525, -170.8234
483.9637, -170.3403
483.9748, -169.8572
483.986, -169.374
486.3073, -168.8892
486.3185, -168.4061
488.6398, -167.9211
490.9611, -167.4362
493.2713, -167.4344
495.5815, -167.4325
497.9028, -166.9476
500.2241, -166.4627
502.5343, -166.4607
504.8556, -165.9759
504.8668, -165.4928
507.1769, -165.491
509.4983, -165.006
511.8195, -164.5211
514.1298, -164.5192
516.4511, -164.0343
518.7612, -164.0325
521.0826, -163.5474
523.3928, -163.5457
523.4039, -163.0626
525.7141, -163.0608
525.7252, -162.5777
525.7141, -163.0608
525.7029, -163.5439
525.6918, -164.027
525.6806, -164.5101
527.9908, -164.5082
530.2898, -164.9895
530.2786, -165.4726
532.5888, -165.4708
532.5776, -165.9539
534.8878, -165.952
537.198, -165.9502
539.5082, -165.9484
541.8183, -165.9465
544.1285, -165.9447
546.4386, -165.9428
548.7488, -165.9409
551.0702, -165.4561
553.3803, -165.4543
555.7017, -164.9693
558.0118, -164.9675
560.322, -164.9657
562.6322, -164.9638
564.9423, -164.962
567.2525, -164.9602
569.5627, -164.9583
571.8617, -165.4396
574.1718, -165.4378
574.1607, -165.9209
576.4597, -166.4021
576.4485, -166.8852
576.4374, -167.3683
576.4262, -167.8514
578.7252, -168.3327
578.7141, -168.8157
578.7029, -169.2989
581.0019, -169.7802
580.9908, -170.2633
580.9796, -170.7464
580.9684, -171.2295
580.9573, -171.7126
583.2563, -172.1938
583.2451, -172.6768
585.5553, -172.6751
585.5441, -173.1582
587.8431, -173.6395
590.1421, -174.1207
590.131, -174.6038
590.1198, -175.0869
590.1087, -175.5699
590.0975, -176.0531
590.0863, -176.5362
592.3854, -177.0175
592.3742, -177.5006
592.363, -177.9837
592.3519, -178.4668
592.3407, -178.9499
594.6397, -179.4312
594.6286, -179.9143
594.6174, -180.3974
596.9163, -180.8786
596.9053, -181.3617
596.8941, -181.8448
596.8829, -182.3279
596.8718, -182.811
599.1708, -183.2923
601.4698, -183.7736
603.7688, -184.2548
606.0678, -184.7361
606.0566, -185.2192
608.3557, -185.7005
608.3445, -186.1836
610.6435, -186.6648
610.6322, -187.1479
610.6212, -187.631
612.9202, -188.1123
612.909, -188.5954
612.8979, -189.0785
612.8867, -189.5615
612.8755, -190.0447
612.8643, -190.5278
615.1634, -191.0091
615.1522, -191.4922
617.4624, -191.4903
617.4512, -191.9734
619.7503, -192.4546
622.0493, -192.936
624.3594, -192.9341
626.6696, -192.9323
628.9798, -192.9304
631.2788, -193.4117
633.5777, -193.893
633.5666, -194.3761
633.5554, -194.8592
633.5443, -195.3423
633.5331, -195.8254
635.8322, -196.3067
638.1312, -196.7879
638.12, -197.271
640.419, -197.7523
642.7292, -197.7505
645.0282, -198.2317
647.3384, -198.2299
649.6484, -198.2281
651.9586, -198.2262
654.2689, -198.2244
656.579, -198.2226
658.8892, -198.2207
661.1994, -198.2189
663.5095, -198.2171
665.8197, -198.2152
665.8309, -197.7321
665.842, -197.249
668.1634, -196.7641
670.4847, -196.2791
670.4959, -195.796
670.507, -195.3129
672.8283, -194.8279
672.8395, -194.3449
672.8507, -193.8618
675.172, -193.3769
675.1832, -192.8938
675.1943, -192.4107
675.2055, -191.9276
675.2166, -191.4445
675.2278, -190.9614
675.2389, -190.4783
675.2501, -189.9952
677.5714, -189.5102
677.5826, -189.0271
677.5937, -188.544
677.6049, -188.0609
677.616, -187.5777
679.9374, -187.0929
679.9485, -186.6098
679.9597, -186.1267
682.2811, -185.6418
682.2922, -185.1587
682.3034, -184.6756
682.3145, -184.1925
682.3256, -183.7094
682.3369, -183.2263
682.3479, -182.7431
684.6694, -182.2582
684.6804, -181.7751
684.6917, -181.292
684.7027, -180.8089
684.714, -180.3258
684.7252, -179.8427
684.7363, -179.3596
684.7475, -178.8765
687.0688, -178.3916
687.08, -177.9085
687.0911, -177.4254
689.4125, -176.9404
689.4236, -176.4573
689.4348, -175.9742
689.4459, -175.491
689.4571, -175.008
689.4683, -174.5249
689.4794, -174.0418
689.4906, -173.5587
689.5017, -173.0756
691.8231, -172.5907
691.8342, -172.1076
691.8454, -171.6245
694.1667, -171.1396
696.488, -170.6545
696.4992, -170.1715
696.5104, -169.6884
698.8317, -169.2035
698.8429, -168.7204
698.854, -168.2373
698.8652, -167.7542
698.8763, -167.2711
698.8875, -166.788
701.2088, -166.3031
703.5302, -165.8181
705.8403, -165.8163
708.1505, -165.8145
708.1616, -165.3314
710.483, -164.8464
712.8043, -164.3615
712.8155, -163.8784
712.8266, -163.3953
715.148, -162.9102
717.4581, -162.9085
719.7683, -162.9066
722.0785, -162.9048
724.3886, -162.903
726.6987, -162.9012
729.009, -162.8993
731.3303, -162.4144
733.6404, -162.4126
735.9506, -162.4107
738.2496, -162.892
740.5598, -162.8902
742.87, -162.8883
745.1802, -162.8864
747.4903, -162.8847
749.8005, -162.8828
752.1107, -162.881
754.4097, -163.3623
756.7086, -163.8435
759.0188, -163.8417
761.329, -163.8399
763.6392, -163.838
765.9605, -163.3531
768.2707, -163.3513
770.5809, -163.3494
772.891, -163.3476
775.2124, -162.8626
777.5225, -162.8608
779.8215, -163.3421
782.1317, -163.3402
784.4419, -163.3384
786.7631, -162.8535
786.7744, -162.3704
789.0957, -161.8854
791.417, -161.4005
793.7383, -160.9156
796.0485, -160.9137
798.3698, -160.4288
798.381, -159.9457
800.7023, -159.4607
803.0125, -159.4588
805.3227, -159.4571
807.6328, -159.4553
809.943, -159.4534
812.242, -159.9346
814.5522, -159.9329
816.8624, -159.931
819.1837, -159.4461
821.505, -158.9612
823.8152, -158.9593
826.1253, -158.9575
828.4355, -158.9556
830.7457, -158.9538
833.067, -158.4689
833.0782, -157.9858
835.3995, -157.5008
837.7097, -157.499
840.0198, -157.4971
842.33, -157.4953
844.6402, -157.4935
846.9504, -157.4917
849.2605, -157.4898
851.5707, -157.488
853.8809, -157.4862
856.191, -157.4843
858.5011, -157.4825
860.8114, -157.4807
863.1215, -157.4788
865.4317, -157.4769
867.753, -156.9921
870.0632, -156.9902
872.3734, -156.9884
874.6835, -156.9866
874.6947, -156.5034
874.6835, -156.9866
874.6724, -157.4697
874.6612, -157.9527
874.6501, -158.4359
874.6389, -158.919
876.9491, -158.9171
876.9379, -159.4002
874.6166, -159.8852
874.6054, -160.3683
874.5943, -160.8514
874.5831, -161.3345
876.882, -161.8157
876.8709, -162.2988
876.8598, -162.7819
879.1588, -163.2631
879.1476, -163.7463
881.4578, -163.7445
881.4466, -164.2276
881.4355, -164.7107
881.4243, -165.1938
881.4132, -165.6768
881.402, -166.16
881.3908, -166.6431
883.6898, -167.1243
883.6787, -167.6074
883.6675, -168.0905
883.6564, -168.5735
883.6452, -169.0567
883.634, -169.5398
883.6229, -170.0229
883.6117, -170.506
883.6006, -170.9891
883.5894, -171.4722
883.5782, -171.9553
885.8773, -172.4365
885.866, -172.9197
885.8549, -173.4028
888.1651, -173.401
890.4753, -173.3991
892.7743, -173.8803
895.0845, -173.8786
897.3946, -173.8767
899.6936, -174.358
899.6825, -174.8411
901.9815, -175.3224
904.2805, -175.8035
906.5795, -176.2849
906.5683, -176.768
908.8673, -177.2493
908.8561, -177.7324
908.845, -178.2155
908.8338, -178.6985
911.1329, -179.1798
911.1217, -179.6629
911.1106, -180.146
911.0994, -180.6291
913.3984, -181.1104
913.3872, -181.5935
915.6862, -182.0748
915.6751, -182.5579
917.9741, -183.0391
917.9628, -183.5222
920.2619, -184.0035
922.561, -184.4848
924.8599, -184.966
924.8488, -185.4491
927.1478, -185.9304
929.4468, -186.4117
929.4357, -186.8948
931.7347, -187.376
931.7235, -187.8591
934.0225, -188.3404
934.0114, -188.8235
936.3104, -189.3048
936.2992, -189.7879
936.288, -190.271
938.5871, -190.7522
938.5758, -191.2353
940.8749, -191.7166
940.8637, -192.1997
940.8526, -192.6827
943.1516, -193.1641
945.4506, -193.6453
947.7608, -193.6435
950.0598, -194.1248
952.3588, -194.6059
952.3476, -195.0891
954.6465, -195.5704
954.6355, -196.0535
956.9344, -196.5348
956.9233, -197.0179
956.9122, -197.501
959.2112, -197.9822
961.5102, -198.4635
963.8092, -198.9447
966.1082, -199.426
966.097, -199.9091
966.0859, -200.3921
966.0747, -200.8753
966.0636, -201.3584
966.0524, -201.8415
966.0412, -202.3246
966.0301, -202.8077
968.3291, -203.289
968.3179, -203.7721
970.6169, -204.2534
970.6058, -204.7365
972.9159, -204.7346
972.9048, -205.2177
972.8936, -205.7008
975.1926, -206.1821
977.5028, -206.1803
979.813, -206.1784
977.514, -205.6972
979.8241, -205.6953
982.1343, -205.6935
984.4556, -205.2086
984.4668, -204.7255
986.7881, -204.2405
986.7993, -203.7574
989.1206, -203.2725
989.1318, -202.7894
991.4531, -202.3045
991.4643, -201.8214
993.7856, -201.3364
996.0958, -201.3346
998.3948, -201.8157
1000.6938, -202.2971
1000.6825, -202.7802
1002.9928, -202.7784
1002.9816, -203.2615
1005.2806, -203.7427
1007.5908, -203.7409
1009.901, -203.7391
1012.2223, -203.2541
1014.5325, -203.2523
1014.5436, -202.7692
1016.865, -202.2843
1016.8761, -201.8012
1019.1974, -201.3162
1021.5188, -200.8313
1021.5299, -200.3482
1023.8513, -199.8633
1026.1726, -199.3783
1028.4939, -198.8934
1030.8041, -198.8916
1033.1143, -198.8897
1035.4356, -198.4048
1037.7569, -197.9199
1040.0782, -197.4349
1040.0894, -196.9518
1042.3996, -196.95
1044.7097, -196.9481
1044.7208, -196.465
1047.0311, -196.4632
1047.0422, -195.9801
1049.3636, -195.4952
1049.3747, -195.0121
1049.3859, -194.529
1051.6961, -194.5271
1054.0062, -194.5253
1056.3275, -194.0404
1056.3387, -193.5573
1056.3498, -193.0742
1058.6712, -192.5892
1058.6824, -192.1061
1058.6935, -191.623
1058.7046, -191.1399
1061.026, -190.655
1061.0372, -190.1719
1061.0483, -189.6888
1061.0594, -189.2057
1061.0706, -188.7226
1063.392, -188.2377
1065.7133, -187.7527
1065.7245, -187.2696
1065.7356, -186.7865
1068.057, -186.3016
1068.0681, -185.8185
1068.0793, -185.3354
1070.4006, -184.8505
1072.7219, -184.3655
1075.0433, -183.8806
1077.3646, -183.3956
1077.3758, -182.9125
1079.6971, -182.4276
1082.0184, -181.9426
1082.0296, -181.4596
1082.0407, -180.9765
1084.362, -180.4915
1086.6834, -180.0066
1086.6945, -179.5234
1089.0159, -179.0386
1091.3372, -178.5535
1093.6585, -178.0687
1095.9799, -177.5838
1098.3012, -177.0988
1098.3124, -176.6157
1100.6337, -176.1308
1102.955, -175.6459
1105.2763, -175.1609
1107.5977, -174.676
1107.6088, -174.1929
1109.9302, -173.708
1109.9413, -173.2248
1112.2627, -172.7399
1112.2738, -172.2568
1114.5951, -171.7719
1114.6063, -171.2888
1116.9276, -170.8037
1116.9388, -170.3207
1119.2601, -169.8357
1121.5815, -169.3509
1121.5926, -168.8678
1123.9139, -168.3828
1126.2241, -168.381
1128.5453, -167.8961
1130.8556, -167.8942
1133.1769, -167.4093
1133.1881, -166.9262
1135.5093, -166.4413
1135.5206, -165.9582
1137.8308, -165.9563
1140.1409, -165.9545
1142.4623, -165.4696
1144.7724, -165.4677
1147.0826, -165.4659
1149.4039, -164.9809
1151.7141, -164.979
1154.0354, -164.4942
1156.3456, -164.4923
1158.6558, -164.4905
1160.9659, -164.4887
1163.2761, -164.4868
1165.5974, -164.0019
1167.9076, -164.0001
1170.2178, -163.9982
1172.5279, -163.9964
1172.5391, -163.5133
1174.838, -163.9946
1177.1482, -163.9927
1177.1371, -164.4758
1179.4473, -164.474
1181.7463, -164.9553
1184.0565, -164.9534
1186.3666, -164.9516
1188.6768, -164.9498
1190.987, -164.9479
1193.3083, -164.463
1195.6296, -163.9781
1197.9508, -163.4931
1200.261, -163.4913
1202.5824, -163.0064
1204.8925, -163.0045
1207.2139, -162.5196
1209.5241, -162.5177
1209.5352, -162.0346
1211.8566, -161.5497
1214.1779, -161.0648
1216.4993, -160.5798
1218.8206, -160.0949
1221.1308, -160.0931
1223.4409, -160.0912
1225.7511, -160.0894
1228.0613, -160.0876
1230.3603, -160.5688
1232.6703, -160.567
1234.9806, -160.5652
1234.9695, -161.0483
1237.2685, -161.5295
1239.5675, -162.0108
1239.5563, -162.4939
1241.8553, -162.9752
1244.1543, -163.4564
1244.1432, -163.9395
1246.4422, -164.4208
1248.7412, -164.9021
1248.73, -165.3852
1251.029, -165.8664
1253.3392, -165.8646
1255.6381, -166.3458
1257.9484, -166.3439
1260.2586, -166.3422
1262.5687, -166.3404
1264.8789, -166.3385
1267.2002, -165.8536
1269.5104, -165.8518
1269.5215, -165.3687
1271.8317, -165.3668
1274.1419, -165.365
1276.4409, -165.8463
1276.4297, -166.3294
1276.4186, -166.8125
1278.7176, -167.2937
1278.7064, -167.7768
1281.0166, -167.775
1283.3155, -168.2563
1285.6146, -168.7375
1287.9247, -168.7357
1290.2349, -168.7338
1292.5563, -168.2489
1294.8776, -167.764
1297.1878, -167.7621
1299.4868, -168.2434
1301.797, -168.2416
1304.096, -168.7227
1306.395, -169.2041
1308.705, -169.2023
1311.0153, -169.2004
1313.3255, -169.1985
1315.6356, -169.1968
1317.9458, -169.1949
1320.2671, -168.71
1322.5773, -168.7082
1324.8986, -168.2232
1327.2088, -168.2214
1329.519, -168.2196
1331.8291, -168.2177
1334.1393, -168.2159
1336.4495, -168.2141
1336.4606, -167.7309
1338.782, -167.246
1338.7931, -166.7629
1341.1145, -166.278
1343.4358, -165.793
1345.746, -165.7912
1348.0561, -165.7894
1350.3663, -165.7875
1352.6764, -165.7856
1354.9866, -165.7839
1357.2968, -165.782
1359.607, -165.7802
1361.9171, -165.7784
1364.2385, -165.2934
1364.2496, -164.8103
1366.571, -164.3254
1366.5821, -163.8423
1368.9035, -163.3574
1371.2248, -162.8723
1373.535, -162.8706
1375.8451, -162.8688
1378.1663, -162.3838
1380.4766, -162.382
1382.7979, -161.8971
1385.1193, -161.4121
1387.4405, -160.9272
1389.7619, -160.4423
1392.0833, -159.9573
1392.0944, -159.4742
1392.1056, -158.991
1392.1167, -158.508
1394.4381, -158.0231
1394.4492, -157.54
1396.7706, -157.055
1399.0807, -157.0532
1401.3909, -157.0514
1401.4021, -156.5683
1403.7234, -156.0833
1403.7346, -155.6002
1406.0559, -155.1153
1408.3772, -154.6303
1410.6874, -154.6284
1412.9975, -154.6267
1415.2966, -155.108
1417.6067, -155.1061
1419.9057, -155.5874
1422.2159, -155.5856
1424.5261, -155.5836
1426.8362, -155.5819
1429.1464, -155.58
1431.4566, -155.5782
1431.4677, -155.0951
1433.7779, -155.0933
1433.7891, -154.6101
1436.1104, -154.1253
1438.4317, -153.6402
1440.7419, -153.6385
1443.0521, -153.6366
1445.3622, -153.6348
1447.6724, -153.633
1449.9937, -153.148
1452.3151, -152.6631
1454.6364, -152.1782
1456.9577, -151.6932
1459.279, -151.2083
1461.6004, -150.7234
1463.9104, -150.7215
1466.2207, -150.7197
1468.5309, -150.7179
1470.8411, -150.716
1473.1512, -150.7142
1475.4614, -150.7124
1477.7715, -150.7105
1480.0929, -150.2256
1482.4142, -149.7407
1484.7355, -149.2557
1487.0569, -148.7708
1489.367, -148.7689
1491.6661, -149.2502
1493.9762, -149.2484
1496.2752, -149.7296
1498.5742, -150.2109
1500.8733, -150.6922
1503.1723, -151.1734
1505.4824, -151.1716
1507.7814, -151.6529
1510.0804, -152.1341
1512.3906, -152.1323
1514.6896, -152.6136
1516.9998, -152.6117
1519.2988, -153.093
1521.609, -153.0912
1523.908, -153.5724
1526.2181, -153.5706
1528.5171, -154.0519
1530.8162, -154.5331
1533.1263, -154.5312
1535.4365, -154.5295
1537.7467, -154.5276
1540.0568, -154.5258
1542.367, -154.524
1544.6772, -154.5221
1546.9872, -154.5203
1549.3087, -154.0354
1551.63, -153.5504
1553.9513, -153.0655
1556.2727, -152.5806
1558.5939, -152.0956
1560.9153, -151.6107
1560.9264, -151.1276
1563.2478, -150.6425
1563.259, -150.1595
1565.5691, -150.1577
1565.5803, -149.6745
1567.9016, -149.1897
1570.223, -148.7046
1572.5331, -148.7029
1574.8321, -149.1842
1577.1311, -149.6654
1579.4302, -150.1467
1581.7403, -150.1449
1584.0393, -150.6261
1586.3495, -150.6242
1588.6597, -150.6225
1590.9586, -151.1037
1590.9475, -151.5868
1593.2465, -152.0681
1595.5455, -152.5493
1595.5344, -153.0325
1597.8445, -153.0306
1597.8334, -153.5137
1600.1324, -153.995
1600.1212, -154.4781
1602.4202, -154.9594
1602.4091, -155.4425
1604.7081, -155.9237
1604.6968, -156.4068
1606.9959, -156.8881
1606.9848, -157.3712
1609.2838, -157.8525
1609.2726, -158.3356
1611.5716, -158.8168
1611.5605, -159.2999
1613.8595, -159.7812
1613.8483, -160.2643
1613.8372, -160.7473
1616.1362, -161.2287
1616.125, -161.7118
1618.424, -162.193
1618.4129, -162.6761
1618.4017, -163.1592
1618.3905, -163.6423
1620.6895, -164.1236
1620.6784, -164.6067
1620.6672, -165.0898
1620.6561, -165.5729
1620.6449, -166.056
1620.6337, -166.5391
1620.6226, -167.0222
1622.9216, -167.5034
1622.9104, -167.9866
1625.2094, -168.4678
1625.1983, -168.9508
1625.1871, -169.434
1627.4861, -169.9153
1629.7851, -170.3966
1629.774, -170.8797
1632.073, -171.3609
1632.0618, -171.8439
1632.0507, -172.3271
1632.0395, -172.8102
1634.3385, -173.2915
1634.3274, -173.7746
1634.3162, -174.2577
1634.305, -174.7408
1634.2939, -175.2239
1634.2827, -175.7069
1636.5817, -176.1883
1636.5706, -176.6714
1636.5594, -177.1545
1636.5482, -177.6376
1636.5371, -178.1207
1636.5259, -178.6038
1638.8249, -179.085
1638.8138, -179.5681
1638.8026, -180.0512
1638.7915, -180.5343
1641.0905, -181.0156
1641.0793, -181.4987
1641.0681, -181.9818
1641.057, -182.4649
1641.0458, -182.948
1641.0347, -183.4311
1641.0235, -183.9142
1643.3225, -184.3955
1643.3113, -184.8786
1645.6104, -185.3598
1647.9205, -185.358
1650.2195, -185.8393
1652.5185, -186.3205
1654.8176, -186.8018
1657.1166, -187.2831
1657.1054, -187.7662
1659.4043, -188.2474
1659.3933, -188.7305
1661.6923, -189.2118
1661.6811, -189.6949
1663.9801, -190.1762
1663.9689, -190.6593
1666.268, -191.1405
1666.2568, -191.6236
1666.2456, -192.1067
1668.5446, -192.588
1668.5335, -193.0711
1668.5223, -193.5542
1670.8213, -194.0355
1670.8102, -194.5186
1670.799, -195.0017
1670.7879, -195.4848
1670.7767, -195.9679
1673.0757, -196.4491
1673.0645, -196.9322
1673.0534, -197.4154
1675.3635, -197.4135
1677.6625, -197.8948
1679.9616, -198.376
1682.2606, -198.8573
1682.2494, -199.3404
1684.5484, -199.8216
1686.8474, -200.3029
1686.8363, -200.786
1689.1353, -201.2673
1691.4343, -201.7486
1693.7332, -202.2298
1696.0323, -202.7111
1698.3313, -203.1924
1698.3202, -203.6755
1700.6192, -204.1567
1700.608, -204.6398
1700.5968, -205.1229
1700.5857, -205.6059
1702.8847, -206.0873
1705.1949, -206.0855
1707.4939, -206.5667
1709.804, -206.5649
1712.103, -207.0462
1714.4021, -207.5274
1716.701, -208.0087
1719.0001, -208.49
1718.9889, -208.9731
1721.2879, -209.4543
1721.2768, -209.9374
1721.2656, -210.4205
1721.2544, -210.9036
1723.5534, -211.3849
1725.8525, -211.8662
1728.1626, -211.8643
1730.4727, -211.8625
1732.7941, -211.3776
1732.8053, -210.8944
1735.1266, -210.4095
1737.4368, -210.4077
1737.4256, -210.8908
1735.1155, -210.8925
1732.8053, -210.8944
1730.484, -211.3794
1728.1738, -211.3812
1730.495, -210.8963
1732.8164, -210.4114
1735.1378, -209.9264
1737.4479, -209.9245
1739.7581, -209.9228
1739.7692, -209.4397
1742.0906, -208.9546
1742.1018, -208.4716
1742.1129, -207.9885
1742.1241, -207.5053
1742.1352, -207.0223
1742.1464, -206.5392
1742.1576, -206.0561
1744.4788, -205.5712
1744.4901, -205.0881
1746.8114, -204.6032
1749.1327, -204.1182
1749.1439, -203.6351
1749.155, -203.152
1751.4764, -202.6671
1753.7976, -202.1821
1753.8089, -201.6989
1753.8199, -201.2159
1756.1413, -200.7309
1758.4627, -200.2461
1758.4738, -199.763
1760.7952, -199.278
1763.1165, -198.7931
1765.4378, -198.3082
1767.7591, -197.8232
1770.0805, -197.3383
1772.4018, -196.8534
1772.413, -196.3703
1774.7343, -195.8853
1777.0445, -195.8835
1777.0556, -195.4003
1779.3658, -195.3986
1781.6871, -194.9136
1784.0085, -194.4287
1784.0196, -193.9456
1786.3409, -193.4607
1788.6623, -192.9757
1790.9836, -192.4908
1790.9948, -192.0077
1793.3161, -191.5227
1795.6374, -191.0378
1795.6486, -190.5547
1797.9699, -190.0698
1797.9811, -189.5867
1797.9922, -189.1036
1798.0034, -188.6205
1798.0145, -188.1374
1798.0257, -187.6543
1798.0369, -187.1712
1800.3582, -186.6862
1800.3694, -186.2031
1800.3805, -185.72
1800.3917, -185.2368
1802.713, -184.752
1802.7242, -184.2689
1802.7353, -183.7858
1802.7465, -183.3027
1805.0678, -182.8178
1805.079, -182.3347
1805.0901, -181.8516
1805.1013, -181.3685
1805.1125, -180.8854
1805.1236, -180.4022
1805.1348, -179.9192
1807.4561, -179.4342
1807.4673, -178.951
1807.4784, -178.468
1809.7997, -177.983
1809.8109, -177.5
1809.8221, -177.0169
1812.1434, -176.5319
1812.1546, -176.0488
1812.1657, -175.5657
1812.1769, -175.0826
1812.188, -174.5995
1814.5093, -174.1146
1814.5205, -173.6315
1814.5316, -173.1484
1816.853, -172.6635
1816.8641, -172.1804
1816.8753, -171.6973
1819.1967, -171.2123
1821.518, -170.7274
1823.8393, -170.2425
1826.1495, -170.2406
1828.4708, -169.7557
1828.482, -169.2726
1830.7922, -169.2708
1830.8033, -168.7877
1833.1247, -168.3027
1835.446, -167.8178
1837.7673, -167.3329
1840.0886, -166.8479
1840.0998, -166.3648
1840.111, -165.8817
1840.1221, -165.3986
1840.1333, -164.9155
1840.1444, -164.4324
1842.4546, -164.4306
1844.7759, -163.9456
1847.0973, -163.4607
1849.4074, -163.4588
1851.7176, -163.457
1854.0166, -163.9383
1856.3268, -163.9365
1858.637, -163.9346
1860.9583, -163.4497
1863.2685, -163.4479
1865.5786, -163.446
1867.8999, -162.9611
1870.2101, -162.9593
1870.2213, -162.4762
1872.5314, -162.4743
1874.8416, -162.4725
1877.1629, -161.9876
1879.4843, -161.5026
1881.8056, -161.0177
1884.1269, -160.5328
1886.4371, -160.5309
1886.4483, -160.0478
1888.7696, -159.5629
1891.0909, -159.078
1893.4122, -158.593
1895.7224, -158.5912
1898.0326, -158.5893
1900.3428, -158.5875
1902.6529, -158.5857
1904.963, -158.5838
1907.2732, -158.5819
1909.5834, -158.5802
1911.8936, -158.5783
1914.2038, -158.5765
1916.5139, -158.5747
1918.8353, -158.0897
1921.1454, -158.0879
1923.4668, -157.603
1925.7769, -157.6011
1928.0871, -157.5993
1930.3973, -157.5975
1932.7074, -157.5956
1935.0176, -157.5937
1937.3166, -158.0751
1939.6156, -158.5563
1941.9146, -159.0376
1944.2248, -159.0358
1944.2136, -159.5189
1946.5127, -160.0001
1946.5015, -160.4832
1946.4903, -160.9663
1946.4792, -161.4494
1948.7782, -161.9306
1948.767, -162.4138
1951.066, -162.8951
1951.0549, -163.3782
1951.0437, -163.8613
1951.0326, -164.3444
1951.0214, -164.8275
1951.0102, -165.3106
1950.999, -165.7936
1953.2981, -166.2749
1953.2869, -166.758
1953.2758, -167.2411
1953.2646, -167.7242
1955.5636, -168.2055
1955.5524, -168.6886
1957.8626, -168.6867
1957.8515, -169.1699
1960.1505, -169.6511
1960.1393, -170.1342
1960.128, -170.6173
1960.117, -171.1004
1962.4272, -171.0986
1964.7262, -171.5798
1967.0252, -172.0611
1969.3242, -172.5424
1969.313, -173.0255
1971.612, -173.5068
1973.9222, -173.5049
1976.2324, -173.503
1978.5314, -173.9844
1980.8415, -173.9825
1983.1406, -174.4638
1985.4396, -174.9451
1985.4284, -175.4282
1987.7274, -175.9094
1987.7162, -176.3925
1987.705, -176.8756
1990.0041, -177.3569
1989.9929, -177.8399
1992.2919, -178.3213
1994.591, -178.8025
1994.5798, -179.2856
1996.8788, -179.7669
1996.8676, -180.25
1996.8565, -180.733
1996.8453, -181.2162
1996.8342, -181.6993
1999.1332, -182.1806
1999.1219, -182.6637
1999.1109, -183.1468
1999.0997, -183.6299
1999.0885, -184.113
2001.3875, -184.5941
2001.3764, -185.0773
2001.3652, -185.5604
2001.3541, -186.0435
2003.6531, -186.5248
2003.6419, -187.0079
2005.9409, -187.4892
2008.2399, -187.9704
2010.5389, -188.4517
2012.8491, -188.4499
2012.8378, -188.933
2012.8268, -189.4161
2015.1481, -188.9311
2017.4583, -188.9293
2019.7684, -188.9275
2022.0898, -188.4425
2024.3999, -188.4407
2026.7101, -188.4389
2029.0203, -188.437
2029.0091, -188.9201
2028.998, -189.4032
2031.297, -189.8845
2031.2858, -190.3676
2033.5848, -190.8489
2035.8838, -191.3301
2038.1828, -191.8114
2040.4818, -192.2926
