1.00000000E-03	4.2284812049E-01
5.12462312E-02	1.4021327897E+01
1.01492462E-01	2.4245369702E+01
1.51738693E-01	3.2828700096E+01
2.01984925E-01	4.0241658515E+01
2.52231156E-01	4.6731720383E+01
3.02477387E-01	5.2457498034E+01
3.52723618E-01	5.7531882987E+01
4.02969849E-01	6.2040637730E+01
4.53216080E-01	6.6051853797E+01
5.03462312E-01	6.9621323242E+01
5.53708543E-01	7.2795841777E+01
6.03954774E-01	7.5615366692E+01
6.54201005E-01	7.8114495390E+01
7.04447236E-01	8.0323518785E+01
7.54693467E-01	8.2269195815E+01
8.04939698E-01	8.3975339535E+01
8.55185930E-01	8.5463269947E+01
9.05432161E-01	8.6752171788E+01
9.55678392E-01	8.7859381685E+01
1.00592462E+00	8.8800622408E+01
1.05617085E+00	8.9590196897E+01
1.10641709E+00	9.0241149760E+01
1.15666332E+00	9.0765404918E+01
1.20690955E+00	9.1173882170E+01
1.25715578E+00	9.1476598100E+01
1.30740201E+00	9.1682753613E+01
1.35764824E+00	9.1800810127E+01
1.40789447E+00	9.1838556881E+01
1.45814070E+00	9.1803170152E+01
1.50838693E+00	9.1701266185E+01
1.55863317E+00	9.1538948213E+01
1.60887940E+00	9.1321848591E+01
1.65912563E+00	9.1055167069E+01
1.70937186E+00	9.0743704795E+01
1.75961809E+00	9.0391895710E+01
1.80986432E+00	9.0003834585E+01
1.86011055E+00	8.9583302909E+01
1.91035678E+00	8.9133792245E+01
1.96060302E+00	8.8658525873E+01
2.01084925E+00	8.8160478504E+01
2.06109548E+00	8.7642394479E+01
2.11134171E+00	8.7106804154E+01
2.16158794E+00	8.6556039708E+01
2.21183417E+00	8.5992249069E+01
2.26208040E+00	8.5417409174E+01
2.31232663E+00	8.4833337963E+01
2.36257286E+00	8.4241705942E+01
2.41281910E+00	8.3644046232E+01
2.46306533E+00	8.3041764613E+01
2.51331156E+00	8.2436148382E+01
2.56355779E+00	8.1828374724E+01
2.61380402E+00	8.1219518528E+01
2.66405025E+00	8.0610559730E+01
2.71429648E+00	8.0002389839E+01
2.76454271E+00	7.9395818656E+01
2.81478894E+00	7.8791579626E+01
2.86503518E+00	7.8190335784E+01
2.91528141E+00	7.7592684642E+01
2.96552764E+00	7.6999162982E+01
3.01577387E+00	7.6410251341E+01
3.06602010E+00	7.5826378128E+01
3.11626633E+00	7.5247923692E+01
3.16651256E+00	7.4675223669E+01
3.21675879E+00	7.4108572514E+01
3.26700503E+00	7.3548226763E+01
3.31725126E+00	7.2994407800E+01
3.36749749E+00	7.2447304712E+01
3.41774372E+00	7.1907076842E+01
3.46798995E+00	7.1373856348E+01
3.51823618E+00	7.0847749929E+01
3.56848241E+00	7.0328841737E+01
3.61872864E+00	6.9817194444E+01
3.66897487E+00	6.9312851694E+01
3.71922111E+00	6.8815839528E+01
3.76946734E+00	6.8326168047E+01
3.81971357E+00	6.7843832660E+01
3.86995980E+00	6.7368815857E+01
3.92020603E+00	6.6901087958E+01
3.97045226E+00	6.6440608817E+01
4.02069849E+00	6.5987328405E+01
4.07094472E+00	6.5541188195E+01
4.12119095E+00	6.5102122008E+01
4.17143719E+00	6.4670056672E+01
4.22168342E+00	6.4244913106E+01
4.27192965E+00	6.3826606991E+01
4.32217588E+00	6.3415049160E+01
4.37242211E+00	6.3010146643E+01
4.42266834E+00	6.2611803120E+01
4.47291457E+00	6.2219919238E+01
4.52316080E+00	6.1834393342E+01
4.57340704E+00	6.1455121918E+01
4.62365327E+00	6.1081999722E+01
4.67389950E+00	6.0714920407E+01
4.72414573E+00	6.0353777098E+01
4.77439196E+00	5.9998461897E+01
4.82463819E+00	5.9648867215E+01
4.87488442E+00	5.9304885128E+01
4.92513065E+00	5.8966408064E+01
4.97537688E+00	5.8633329003E+01
5.02562312E+00	5.8305541503E+01
5.07586935E+00	5.7982939905E+01
5.12611558E+00	5.7665419707E+01
5.17636181E+00	5.7352877260E+01
5.22660804E+00	5.7045210228E+01
5.27685427E+00	5.6742317718E+01
5.32710050E+00	5.6444100135E+01
5.37734673E+00	5.6150459215E+01
5.42759296E+00	5.5861298499E+01
5.47783920E+00	5.5576523011E+01
5.52808543E+00	5.5296039370E+01
5.57833166E+00	5.5019756088E+01
5.62857789E+00	5.4747583052E+01
5.67882412E+00	5.4479432266E+01
5.72907035E+00	5.4215217144E+01
5.77931658E+00	5.3954853164E+01
5.82956281E+00	5.3698257421E+01
5.87980905E+00	5.3445348628E+01
5.93005528E+00	5.3196047504E+01
5.98030151E+00	5.2950276487E+01
6.03054774E+00	5.2707959740E+01
6.08079397E+00	5.2469023052E+01
6.13104020E+00	5.2233393916E+01
6.18128643E+00	5.2001001817E+01
6.23153266E+00	5.1771777543E+01
6.28177889E+00	5.1545653648E+01
6.33202513E+00	5.1322564531E+01
6.38227136E+00	5.1102445734E+01
6.43251759E+00	5.0885234794E+01
6.48276382E+00	5.0670870626E+01
6.53301005E+00	5.0459293693E+01
6.58325628E+00	5.0250445670E+01
6.63350251E+00	5.0044270102E+01
6.68374874E+00	4.9840711773E+01
6.73399497E+00	4.9639716659E+01
6.78424121E+00	4.9441232489E+01
6.83448744E+00	4.9245207889E+01
6.88473367E+00	4.9051593144E+01
6.93497990E+00	4.8860339643E+01
6.98522613E+00	4.8671399918E+01
7.03547236E+00	4.8484727802E+01
7.08571859E+00	4.8300278364E+01
7.13596482E+00	4.8118007752E+01
7.18621106E+00	4.7937873128E+01
7.23645729E+00	4.7759832914E+01
7.28670352E+00	4.7583846419E+01
7.33694975E+00	4.7409874077E+01
7.38719598E+00	4.7237877387E+01
7.43744221E+00	4.7067818624E+01
7.48768844E+00	4.6899661193E+01
7.53793467E+00	4.6733369341E+01
7.58818090E+00	4.6568908190E+01
7.63842714E+00	4.6406243761E+01
7.68867337E+00	4.6245342901E+01
7.73891960E+00	4.6086173306E+01
7.78916583E+00	4.5928703552E+01
7.83941206E+00	4.5772902683E+01
7.88965829E+00	4.5618740886E+01
7.93990452E+00	4.5466188756E+01
7.99015075E+00	4.5315217974E+01
8.04039698E+00	4.5165800447E+01
8.09064322E+00	4.5017909103E+01
8.14088945E+00	4.4871517469E+01
8.19113568E+00	4.4726599692E+01
8.24138191E+00	4.4583130330E+01
8.29162814E+00	4.4441084820E+01
8.34187437E+00	4.4300438937E+01
8.39212060E+00	4.4161169369E+01
8.44236683E+00	4.4023253060E+01
8.49261307E+00	4.3886667565E+01
8.54285930E+00	4.3751390949E+01
8.59310553E+00	4.3617401688E+01
8.64335176E+00	4.3484679141E+01
8.69359799E+00	4.3353202535E+01
8.74384422E+00	4.3222952120E+01
8.79409045E+00	4.3093908270E+01
8.84433668E+00	4.2966051483E+01
8.89458291E+00	4.2839363557E+01
8.94482915E+00	4.2713826099E+01
8.99507538E+00	4.2589421457E+01
9.04532161E+00	4.2466131917E+01
9.09556784E+00	4.2343940653E+01
9.14581407E+00	4.2222830673E+01
9.19606030E+00	4.2102786012E+01
9.24630653E+00	4.1983790324E+01
9.29655276E+00	4.1865828309E+01
9.34679899E+00	4.1748884057E+01
9.39704523E+00	4.1632943086E+01
9.44729146E+00	4.1517990438E+01
9.49753769E+00	4.1404011883E+01
9.54778392E+00	4.1290993328E+01
9.59803015E+00	4.1178920943E+01
9.64827638E+00	4.1067781167E+01
9.69852261E+00	4.0957560718E+01
9.74876884E+00	4.0848246719E+01
9.79901508E+00	4.0739826460E+01
9.84926131E+00	4.0632287531E+01
9.89950754E+00	4.0525617577E+01
9.94975377E+00	4.0419804923E+01
1.00000000E+01	4.0314837467E+01
