1.00000000E-03	6.730786911E+01
5.12462312E-02	1.271684199E+02
1.01492462E-01	1.252093589E+02
1.51738693E-01	1.214521216E+02
2.01984925E-01	1.182482104E+02
2.52231156E-01	1.153167416E+02
3.02477387E-01	1.126192204E+02
3.52723618E-01	1.101289263E+02
4.02969849E-01	1.078222452E+02
4.53216080E-01	1.056779523E+02
5.03462312E-01	1.036772203E+02
5.53708543E-01	1.018048506E+02
6.03954774E-01	1.000445037E+02
6.54201005E-01	9.838705474E+01
7.04447236E-01	9.682134439E+01
7.54693467E-01	9.533854554E+01
8.04939698E-01	9.393114593E+01
8.55185930E-01	9.259239695E+01
9.05432161E-01	9.131642249E+01
9.55678392E-01	9.009808365E+01
1.00592462E+00	8.893307402E+01
1.05617085E+00	8.781684722E+01
1.10641709E+00	8.674622051E+01
1.15666332E+00	8.571786788E+01
1.20690955E+00	8.472875505E+01
1.25715578E+00	8.377650947E+01
1.30740201E+00	8.285764102E+01
1.35764824E+00	8.197234322E+01
1.40789447E+00	8.111661569E+01
1.45814070E+00	8.028921799E+01
1.50838693E+00	7.948868508E+01
1.55863317E+00	7.871335451E+01
1.60887940E+00	7.796188673E+01
1.65912563E+00	7.723295410E+01
1.70937186E+00	7.652709238E+01
1.75961809E+00	7.583844753E+01
1.80986432E+00	7.517060200E+01
1.86011055E+00	7.452117896E+01
1.91035678E+00	7.388919061E+01
1.96060302E+00	7.327378097E+01
2.01084925E+00	7.267452427E+01
2.06109548E+00	7.209032963E+01
2.11134171E+00	7.152069034E+01
2.16158794E+00	7.096493716E+01
2.21183417E+00	7.042257625E+01
2.26208040E+00	6.989293706E+01
2.31232663E+00	6.937558760E+01
2.36257286E+00	6.886994568E+01
2.41281910E+00	6.837566087E+01
2.46306533E+00	6.789225625E+01
2.51331156E+00	6.741929199E+01
2.56355779E+00	6.695627376E+01
2.61380402E+00	6.650319301E+01
2.66405025E+00	6.605938068E+01
2.71429648E+00	6.562457858E+01
2.76454271E+00	6.519847569E+01
2.81478894E+00	6.478078069E+01
2.86503518E+00	6.437125269E+01
2.91528141E+00	6.396956932E+01
2.96552764E+00	6.357542395E+01
3.01577387E+00	6.318883399E+01
3.06602010E+00	6.280901124E+01
3.11626633E+00	6.243629412E+01
3.16651256E+00	6.207021464E+01
3.21675879E+00	6.171064156E+01
3.26700503E+00	6.135734837E+01
3.31725126E+00	6.101010026E+01
3.36749749E+00	6.066882130E+01
3.41774372E+00	6.033415707E+01
3.46798995E+00	6.000293819E+01
3.51823618E+00	5.967871973E+01
3.56848241E+00	5.935943860E+01
3.61872864E+00	5.904526122E+01
3.66897487E+00	5.873612384E+01
3.71922111E+00	5.843180746E+01
3.76946734E+00	5.813219057E+01
3.81971357E+00	5.783716707E+01
3.86995980E+00	5.754664347E+01
3.92020603E+00	5.726046313E+01
3.97045226E+00	5.697854865E+01
4.02069849E+00	5.670070359E+01
4.07094472E+00	5.642702301E+01
4.12119095E+00	5.615722306E+01
4.17143719E+00	5.589132450E+01
4.22168342E+00	5.562908682E+01
4.27192965E+00	5.537055534E+01
4.32217588E+00	5.511549460E+01
4.37242211E+00	5.486409673E+01
4.42266834E+00	5.461603612E+01
4.47291457E+00	5.437131166E+01
4.52316080E+00	5.412985505E+01
4.57340704E+00	5.389155949E+01
4.62365327E+00	5.365639854E+01
4.67389950E+00	5.342428077E+01
4.72414573E+00	5.319494745E+01
4.77439196E+00	5.296875901E+01
4.82463819E+00	5.274547053E+01
4.87488442E+00	5.252485765E+01
4.92513065E+00	5.230726019E+01
4.97537688E+00	5.209188829E+01
5.02562312E+00	5.187926226E+01
5.07586935E+00	5.166930601E+01
5.12611558E+00	5.146172810E+01
5.17636181E+00	5.125678656E+01
5.22660804E+00	5.105416848E+01
5.27685427E+00	5.085391469E+01
5.32710050E+00	5.065599454E+01
5.37734673E+00	5.046026668E+01
5.42759296E+00	5.026694740E+01
5.47783920E+00	5.007567676E+01
5.52808543E+00	4.988659084E+01
5.57833166E+00	4.969972822E+01
5.62857789E+00	4.951473883E+01
5.67882412E+00	4.933182457E+01
5.72907035E+00	4.915093917E+01
5.77931658E+00	4.897198241E+01
5.82956281E+00	4.879496845E+01
5.87980905E+00	4.861994166E+01
5.93005528E+00	4.844650362E+01
5.98030151E+00	4.827505950E+01
6.03054774E+00	4.810537742E+01
6.08079397E+00	4.793745534E+01
6.13104020E+00	4.777125635E+01
6.18128643E+00	4.760674811E+01
6.23153266E+00	4.744391124E+01
6.28177889E+00	4.728269882E+01
6.33202513E+00	4.712268767E+01
6.38227136E+00	4.696507836E+01
6.43251759E+00	4.680864593E+01
6.48276382E+00	4.665370357E+01
6.53301005E+00	4.650028658E+01
6.58325628E+00	4.634834972E+01
6.63350251E+00	4.619788273E+01
6.68374874E+00	4.604884862E+01
6.73399497E+00	4.590117332E+01
6.78424121E+00	4.575494892E+01
6.83448744E+00	4.561063214E+01
6.88473367E+00	4.546654290E+01
6.93497990E+00	4.532406674E+01
6.98522613E+00	4.518340711E+01
7.03547236E+00	4.504378604E+01
7.08571859E+00	4.490544590E+01
7.13596482E+00	4.476832620E+01
7.18621106E+00	4.463245547E+01
7.23645729E+00	4.449780713E+01
7.28670352E+00	4.436429608E+01
7.33694975E+00	4.423200863E+01
7.38719598E+00	4.410083796E+01
7.43744221E+00	4.397081986E+01
7.48768844E+00	4.384190456E+01
7.53793467E+00	4.371414729E+01
7.58818090E+00	4.358743827E+01
7.63842714E+00	4.346185995E+01
7.68867337E+00	4.333720784E+01
7.73891960E+00	4.321376646E+01
7.78916583E+00	4.309128170E+01
7.83941206E+00	4.296982819E+01
7.88965829E+00	4.284934959E+01
7.93990452E+00	4.272987994E+01
7.99015075E+00	4.261136853E+01
8.04039698E+00	4.249382511E+01
8.09064322E+00	4.237724384E+01
8.14088945E+00	4.226160132E+01
8.19113568E+00	4.214684342E+01
8.24138191E+00	4.203305228E+01
8.29162814E+00	4.192009659E+01
8.34187437E+00	4.180806809E+01
8.39212060E+00	4.169676089E+01
8.44236683E+00	4.158660805E+01
8.49261307E+00	4.147726013E+01
8.54285930E+00	4.136857620E+01
8.59310553E+00	4.126080213E+01
8.64335176E+00	4.115384906E+01
8.69359799E+00	4.104768813E+01
8.74384422E+00	4.094237253E+01
8.79409045E+00	4.083781644E+01
8.84433668E+00	4.073404803E+01
8.89458291E+00	4.063104225E+01
8.94482915E+00	4.052881834E+01
8.99507538E+00	4.042732272E+01
9.04532161E+00	4.032657295E+01
9.09556784E+00	4.022656822E+01
9.14581407E+00	4.012728832E+01
9.19606030E+00	4.002872199E+01
9.24630653E+00	3.993085054E+01
9.29655276E+00	3.983368587E+01
9.34679899E+00	3.973721770E+01
9.39704523E+00	3.964141678E+01
9.44729146E+00	3.954629517E+01
9.49753769E+00	3.945185105E+01
9.54778392E+00	3.935797503E+01
9.59803015E+00	3.926487185E+01
9.64827638E+00	3.917243971E+01
9.69852261E+00	3.908058012E+01
9.74876884E+00	3.898930123E+01
9.79901508E+00	3.889873977E+01
9.84926131E+00	3.880887306E+01
9.89950754E+00	3.871934394E+01
9.94975377E+00	3.863057541E+01
1.00000000E+01	3.854238547E+01
