4530.34924391 16171.80701207 15677.38354538 14750.61783652
 13982.63925425 13297.95088575 12683.08881371 12128.38040727
 11625.63655373 11167.82960131 10748.96600253 10364.2276038
 10008.90272337  9680.01254006  9374.37272871  9089.43826475
  8823.06017554  8573.35197364  8338.68901578  8117.66467797
  7909.09165533  7711.79865479  7524.90677266  7347.55287375
  7178.96193161  7018.50353855  6865.38867553  6719.46505223
  6579.90534101  6446.35852624  6318.45105613  6195.79217743
  6078.05578192  5964.9291995   5856.39586876  5751.47012449
  5650.61940576  5553.40611333  5459.61248944  5369.04697703
  5281.58647736  5197.01562582  5115.20914677  5036.02230671
  4959.33924579  4885.022651    4812.97215482  4743.06941812
  4675.23099881  4609.35845917  4545.36093305  4483.14259632
  4422.67468093  4363.84177554  4306.585314    4250.84123292
  4196.54954683  4143.65817259  4092.10579937  4041.83453011
  3992.8287415   3944.97189271  3898.29082375  3852.71154601
  3808.20328215  3764.72419934  3722.23233349  3680.70587793
  3640.210509    3600.3525909   3561.5495883   3523.54295065
  3486.34287303  3449.93224413  3414.2761234   3379.35158036
  3345.13789435  3311.61617435  3278.76063802  3246.55500587
  3214.96978798  3184.00892577  3153.63370159  3123.84015397
  3094.59530051  3065.89839831  3037.7177453   3010.06911004
  2982.91140132  2956.23953129  2930.0412075   2904.30018411
  2879.00910475  2854.15377572  2829.70243417  2805.68943074
  2782.08466139  2758.86067083  2736.04946868  2713.56482611
  2691.4578528   2669.71718336  2648.30945891  2627.2581685
  2606.52811953  2586.12063946  2566.02978243  2546.23851335
  2526.76600089  2507.57340332  2488.67194543  2470.06298551
  2451.70936102  2433.62891496  2415.81482123  2398.25506094
  2380.94894577  2363.89872654  2347.06371345  2330.48136997
  2314.12733668  2297.99962411  2282.09293324  2266.40246576
  2250.92471381  2235.6536076   2220.54769305  2205.71858529
  2191.04933347  2176.56805723  2162.27665201  2148.16952135
  2134.24436869  2120.49645905  2106.91771259  2093.51535093
  2080.3297638   2067.20652315  2054.27102542  2041.54027789
  2028.94266074  2016.49907171  2004.20303097  1992.05608172
  1980.05483918  1968.1907667   1956.47058752  1944.8839084
  1933.43299926  1922.11259511  1910.92667356  1899.86477478
  1888.93326995  1878.11358379  1867.42961174  1856.85855812
  1846.40613433  1836.06676036  1825.84263963  1815.72872814
  1805.72517212  1795.8307951   1786.04294633  1776.35641005
  1766.77748414  1757.29449827  1747.91455737  1738.61986869
  1729.44596892  1720.36310752  1711.35909649  1702.45379234
  1693.63929209  1684.91270102  1676.27786822  1667.72725152
  1659.26266896  1650.88159438  1642.58511615  1634.36842204
  1626.23248606  1618.17679081  1610.19926801  1602.29858442
  1594.47282445  1586.7225302   1579.04647033  1571.44192468
  1563.90946149  1556.44855147  1549.05019832  1541.73016173
  1534.48003249  1527.29174283  1520.16561064  1513.11195585
  1506.12862837  1499.18759504  1492.32135624  1485.51547806