1.00000000E-03	1.3429131752E+02
9.64723618E-02	3.3355398670E+02
1.91944724E-01	3.3691327808E+02
2.87417085E-01	3.3107794111E+02
3.82889447E-01	3.2496342326E+02
4.78361809E-01	3.1894539728E+02
5.73834171E-01	3.1315187419E+02
6.69306533E-01	3.0762135854E+02
7.64778894E-01	3.0237492185E+02
8.60251256E-01	2.9740662416E+02
9.55723618E-01	2.9270147767E+02
1.05119598E+00	2.8824132673E+02
1.14666834E+00	2.8400780360E+02
1.24214070E+00	2.7998295112E+02
1.33761307E+00	2.7615049063E+02
1.43308543E+00	2.7249485807E+02
1.52855779E+00	2.6900250883E+02
1.62403015E+00	2.6566116154E+02
1.71950251E+00	2.6245948479E+02
1.81497487E+00	2.5938743726E+02
1.91044724E+00	2.5643593860E+02
2.00591960E+00	2.5359672677E+02
2.10139196E+00	2.5086230339E+02
2.19686432E+00	2.4822529609E+02
2.29233668E+00	2.4568151302E+02
2.38780905E+00	2.4322334906E+02
2.48328141E+00	2.4084631044E+02
2.57875377E+00	2.3854564868E+02
2.67422613E+00	2.3631712952E+02
2.76969849E+00	2.3415621678E+02
2.86517085E+00	2.3206088631E+02
2.96064322E+00	2.3002580314E+02
3.05611558E+00	2.2804913028E+02
3.15158794E+00	2.2612727530E+02
3.24706030E+00	2.2425769890E+02
3.34253266E+00	2.2243818731E+02
3.43800503E+00	2.2066615413E+02
3.53347739E+00	2.1893942550E+02
3.62894975E+00	2.1725599370E+02
3.72442211E+00	2.1561379692E+02
3.81989447E+00	2.1401135978E+02
3.91536683E+00	2.1244717757E+02
4.01083920E+00	2.1091835433E+02
4.10631156E+00	2.0942583463E+02
4.20178392E+00	2.0796624106E+02
4.29725628E+00	2.0653875751E+02
4.39272864E+00	2.0514223515E+02
4.48820101E+00	2.0377544201E+02
4.58367337E+00	2.0243737523E+02
4.67914573E+00	2.0112691194E+02
4.77461809E+00	1.9984309441E+02
4.87009045E+00	1.9858495746E+02
4.96556281E+00	1.9735161008E+02
5.06103518E+00	1.9614224228E+02
5.15650754E+00	1.9495590046E+02
5.25197990E+00	1.9379172949E+02
5.34745226E+00	1.9264978851E+02
5.44292462E+00	1.9152913708E+02
5.53839698E+00	1.9042737289E+02
5.63386935E+00	1.8934592439E+02
5.72934171E+00	1.8828361470E+02
5.82481407E+00	1.8723952586E+02
5.92028643E+00	1.8621352731E+02
6.01575879E+00	1.8520481200E+02
6.11123116E+00	1.8421302344E+02
6.20670352E+00	1.8323756335E+02
6.30217588E+00	1.8227797322E+02
6.39764824E+00	1.8133390038E+02
6.49312060E+00	1.8040476304E+02
6.58859296E+00	1.7949034355E+02
6.68406533E+00	1.7859009075E+02
6.77953769E+00	1.7770358169E+02
6.87501005E+00	1.7683071556E+02
6.97048241E+00	1.7597080432E+02
7.06595477E+00	1.7512384315E+02
7.16142714E+00	1.7428922355E+02
7.25689950E+00	1.7346677934E+02
7.35237186E+00	1.7265614108E+02
7.44784422E+00	1.7185701463E+02
7.54331658E+00	1.7106924119E+02
7.63878894E+00	1.7029234081E+02
7.73426131E+00	1.6952626430E+02
7.82973367E+00	1.6877063391E+02
7.92520603E+00	1.6802519485E+02
8.02067839E+00	1.6728974845E+02
8.11615075E+00	1.6656406915E+02
8.21162312E+00	1.6584793308E+02
8.30709548E+00	1.6514110067E+02
8.40256784E+00	1.6444340959E+02
8.49804020E+00	1.6375458808E+02
8.59351256E+00	1.6307454375E+02
8.68898492E+00	1.6240297902E+02
8.78445729E+00	1.6173980053E+02
8.87992965E+00	1.6108476008E+02
8.97540201E+00	1.6043773126E+02
9.07087437E+00	1.5979853055E+02
9.16634673E+00	1.5916699681E+02
9.26181910E+00	1.5854301365E+02
9.35729146E+00	1.5792633642E+02
9.45276382E+00	1.5731651258E+02
9.54823618E+00	1.5671451201E+02
9.64370854E+00	1.5611907155E+02
9.73918090E+00	1.5553041275E+02
9.83465327E+00	1.5494841663E+02
9.93012563E+00	1.5437291065E+02
1.00255980E+01	1.5380390858E+02
1.01210704E+01	1.5324113044E+02
1.02165427E+01	1.5268445333E+02
1.03120151E+01	1.5213397466E+02
1.04074874E+01	1.5158932129E+02
1.05029598E+01	1.5105063012E+02
1.05984322E+01	1.5051759996E+02
1.06939045E+01	1.4999016323E+02
1.07893769E+01	1.4946824375E+02
1.08848492E+01	1.4895223891E+02
1.09803216E+01	1.4844063278E+02
1.10757940E+01	1.4793474610E+02
1.11712663E+01	1.4743397237E+02
1.12667387E+01	1.4693823042E+02
1.13622111E+01	1.4644752769E+02
1.14576834E+01	1.4596168162E+02
1.15531558E+01	1.4548059765E+02
1.16486281E+01	1.4500420345E+02
1.17441005E+01	1.4453262881E+02
1.18395729E+01	1.4406552440E+02
1.19350452E+01	1.4360285121E+02
1.20305176E+01	1.4314469965E+02
1.21259899E+01	1.4269082760E+02
1.22214623E+01	1.4224123777E+02
1.23169347E+01	1.4179600332E+02
1.24124070E+01	1.4135464893E+02
1.25078794E+01	1.4091751346E+02
1.26033518E+01	1.4048434110E+02
1.26988241E+01	1.4005517457E+02
1.27942965E+01	1.3962988861E+02
1.28897688E+01	1.3920843590E+02
1.29852412E+01	1.3879071089E+02
1.30807136E+01	1.3837679359E+02
1.31761859E+01	1.3796646501E+02
1.32716583E+01	1.3755977052E+02
1.33671307E+01	1.3715661742E+02
1.34626030E+01	1.3675697104E+02
1.35580754E+01	1.3636069655E+02
1.36535477E+01	1.3596794265E+02
1.37490201E+01	1.3557850907E+02
1.38444925E+01	1.3519236188E+02
1.39399648E+01	1.3480945845E+02
1.40354372E+01	1.3442975556E+02
1.41309095E+01	1.3405325733E+02
1.42263819E+01	1.3367983172E+02
1.43218543E+01	1.3330950817E+02
1.44173266E+01	1.3294221471E+02
1.45127990E+01	1.3257788849E+02
1.46082714E+01	1.3221653313E+02
1.47037437E+01	1.3185807456E+02
1.47992161E+01	1.3150247202E+02
1.48946884E+01	1.3114970720E+02
1.49901608E+01	1.3079980113E+02
1.50856332E+01	1.3045262228E+02
1.51811055E+01	1.3010810010E+02
1.52765779E+01	1.2976629041E+02
1.53720503E+01	1.2942717050E+02
1.54675226E+01	1.2909063562E+02
1.55629950E+01	1.2875666974E+02
1.56584673E+01	1.2842528294E+02
1.57539397E+01	1.2809639897E+02
1.58494121E+01	1.2776998567E+02
1.59448844E+01	1.2744601241E+02
1.60403568E+01	1.2712414066E+02
1.61358291E+01	1.2680533685E+02
1.62313015E+01	1.2648855852E+02
1.63267739E+01	1.2617410027E+02
1.64222462E+01	1.2586192071E+02
1.65177186E+01	1.2555208702E+02
1.66131910E+01	1.2524443125E+02
1.67086633E+01	1.2493899609E+02
1.68041357E+01	1.2463579190E+02
1.68996080E+01	1.2433474304E+02
1.69950804E+01	1.2403581865E+02
1.70905528E+01	1.2373901409E+02
1.71860251E+01	1.2344431164E+02
1.72814975E+01	1.2315164537E+02
1.73769698E+01	1.2286104454E+02
1.74724422E+01	1.2257243393E+02
1.75679146E+01	1.2228584377E+02
1.76633869E+01	1.2200121983E+02
1.77588593E+01	1.2171852516E+02
1.78543317E+01	1.2143777476E+02
1.79498040E+01	1.2115892735E+02
1.80452764E+01	1.2088194073E+02
1.81407487E+01	1.2060681461E+02
1.82362211E+01	1.2033354482E+02
1.83316935E+01	1.2006208673E+02
1.84271658E+01	1.1979236122E+02
1.85226382E+01	1.1952455681E+02
1.86181106E+01	1.1925817969E+02
1.87135829E+01	1.1899404972E+02
1.88090553E+01	1.1873133356E+02
1.89045276E+01	1.1847043602E+02
1.90000000E+01	1.1821106491E+02
