#DataThief /Users/villaa/grav_project/NGC5533/NGC5533-dm.png Saturday 20-Apr-2019 4:47:47 PM
10.2662, 165.769
10.2897, 165.7739
10.3133, 165.7787
10.3369, 165.7835
10.3605, 165.7884
10.3841, 165.7933
10.4077, 165.7981
10.4312, 165.803
10.4548, 165.8079
10.4784, 165.8127
10.502, 165.8176
10.5255, 165.8224
10.5492, 165.8273
10.5728, 165.8321
10.5963, 165.837
10.6199, 165.8418
10.6435, 165.8467
10.6671, 165.8515
10.6907, 165.8564
10.7143, 165.8612
10.7377, 166.5518
10.7612, 166.5566
10.7849, 166.5615
10.8085, 166.5663
10.8319, 166.5712
10.8556, 166.576
10.8792, 166.5809
10.9028, 166.5857
10.9264, 166.5906
10.95, 166.5954
10.9735, 166.6002
10.9969, 167.2908
11.0206, 167.2957
11.0442, 167.3005
11.0677, 167.3054
11.0913, 167.3102
11.1149, 167.3151
11.1385, 167.3199
11.1621, 167.3248
11.1857, 167.3296
11.2093, 167.3345
11.2328, 167.3393
11.2564, 167.3442
11.28, 167.349
11.3035, 167.3538
11.3272, 167.3587
11.3508, 167.3636
11.3743, 167.3684
11.3979, 167.3733
11.4215, 167.378
11.4451, 167.383
11.4687, 167.3878
11.4923, 167.3927
11.5158, 167.3975
11.5394, 167.4024
11.563, 167.4072
11.5866, 167.4121
11.6101, 167.417
11.6338, 167.4218
11.6573, 167.4267
11.6808, 167.4315
11.7045, 167.4364
11.7281, 167.4412
11.7517, 167.4461
11.7753, 167.4509
11.7987, 168.1414
11.8223, 168.1463
11.8458, 168.1512
11.8695, 168.156
11.8931, 168.1609
11.9165, 168.1657
11.9402, 168.1706
11.9638, 168.1754
11.9874, 168.1803
12.011, 168.1851
12.0346, 168.19
12.0581, 168.1948
12.0817, 168.1997
12.1053, 168.2045
12.1289, 168.2094
12.1525, 168.2142
12.1761, 168.2191
12.1996, 168.2239
12.2232, 168.2288
12.2468, 168.2336
12.2704, 168.2385
12.294, 168.2433
12.3176, 168.2482
12.3411, 168.253
12.3647, 168.2579
12.3883, 168.2627
12.4118, 168.9533
12.4353, 168.9581
12.4588, 168.963
12.4825, 168.9678
12.5061, 168.9727
12.5297, 168.9775
12.5533, 168.9824
12.5768, 168.9872
12.6004, 168.9921
12.624, 168.9969
12.6476, 169.0018
12.6712, 169.0066
12.6945, 169.6972
12.7182, 169.702
12.7418, 169.7069
12.7654, 169.7117
12.789, 169.7166
12.8126, 169.7214
12.8361, 169.7263
12.8597, 169.7311
12.8833, 169.736
12.9069, 169.7408
12.9304, 169.7457
12.9541, 169.7505
12.9776, 169.7553
13.0012, 169.7603
13.0248, 169.7651
13.0484, 169.77
13.072, 169.7748
13.0956, 169.7797
13.1191, 169.7845
13.1427, 169.7894
13.1663, 169.7942
13.1899, 169.7991
13.2135, 169.8039
13.2371, 169.8088
13.2606, 169.8136
13.2842, 169.8185
13.3078, 169.8233
13.3314, 169.8282
13.355, 169.833
13.3786, 169.8378
13.4022, 169.8427
13.4257, 169.8476
13.4493, 169.8524
13.4729, 169.8573
13.4965, 169.862
13.5201, 169.867
13.5436, 169.8718
13.5672, 169.8767
13.5908, 169.8815
13.6143, 169.8864
13.638, 169.8912
13.6616, 169.8961
13.6852, 169.9009
13.7086, 169.9058
13.7323, 169.9106
13.7559, 169.9155
13.7795, 169.9203
13.8031, 169.9252
13.8267, 169.9301
13.8502, 169.9348
13.8737, 170.6254
13.8973, 170.6303
13.9209, 170.6351
13.9444, 170.64
13.968, 170.6449
13.9916, 170.6497
14.0152, 170.6545
14.0388, 170.6594
14.0624, 170.6643
14.086, 170.6691
14.1095, 170.674
14.1331, 170.6787
14.1567, 170.6837
14.1803, 170.6885
14.2039, 170.6934
14.2275, 170.6982
14.251, 170.7031
14.2746, 170.7079
14.2982, 170.7128
14.3218, 170.7176
14.3454, 170.7225
14.369, 170.7273
14.3925, 170.7322
14.4161, 170.737
14.4397, 170.7419
14.4633, 170.7467
14.4868, 170.7516
14.5105, 170.7564
14.534, 170.7612
14.5575, 170.7661
14.5811, 171.4567
14.6047, 171.4615
14.6282, 171.4664
14.6518, 171.4712
14.6754, 171.4761
14.6989, 171.4809
14.7226, 171.4858
14.7462, 171.4906
14.7698, 171.4955
14.7933, 171.5003
14.8169, 171.5051
14.8405, 171.51
14.8641, 171.5149
14.8877, 171.5197
14.9113, 171.5246
14.9348, 171.5295
14.9584, 171.5343
14.982, 171.5392
15.0056, 171.544
15.0292, 171.5489
15.0528, 171.5537
15.0763, 171.5586
15.0999, 171.5634
15.1235, 171.5683
15.1471, 171.5731
15.1707, 171.5779
15.1943, 171.5828
15.2178, 171.5877
15.2414, 171.5925
15.265, 171.5974
15.2886, 171.6021
15.3122, 171.6071
15.3357, 171.6118
15.3594, 171.6168
15.3829, 171.6216
15.4064, 171.6265
15.4301, 171.6313
15.4537, 171.6362
15.4773, 171.641
15.5009, 171.6459
15.5244, 171.6507
15.548, 171.6556
15.5716, 171.6604
15.5952, 171.6653
15.6188, 171.6701
15.6423, 171.675
15.6659, 171.6799
15.6895, 171.6846
15.713, 171.6896
15.7367, 171.6944
15.7603, 171.6993
15.7839, 171.7041
15.8074, 171.709
15.831, 171.7138
15.8546, 171.7187
15.8782, 171.7235
15.9016, 172.4141
15.9252, 172.4189
15.9487, 172.4238
15.9724, 172.4285
15.996, 172.4335
16.0196, 172.4383
16.0432, 172.4432
16.0667, 172.448
16.0903, 172.4529
16.1139, 172.4577
16.1375, 172.4626
16.1611, 172.4674
16.1847, 172.4723
16.2082, 172.4771
16.2318, 172.482
16.2554, 172.4868
16.279, 172.4917
16.3026, 172.4965
16.3262, 172.5013
16.3497, 172.5062
16.3733, 172.511
16.3969, 172.5159
16.4205, 172.5208
16.4441, 172.5255
16.4677, 172.5305
16.4912, 172.5352
16.5148, 172.5402
16.5384, 172.545
16.562, 172.5499
16.5856, 172.5547
16.6092, 172.5596
16.6328, 172.5645
16.6562, 172.5693
16.6799, 172.5742
16.7034, 173.2647
16.7269, 173.2695
16.7505, 173.2744
16.7741, 173.2792
16.7976, 173.2841
16.8213, 173.289
16.8449, 173.2938
16.8685, 173.2987
16.892, 173.3035
16.9156, 173.3084
16.9392, 173.3132
16.9628, 173.3181
16.9864, 173.3229
17.01, 173.3277
17.0335, 173.3326
17.0571, 173.3375
17.0807, 173.3423
17.1043, 173.3472
17.1279, 173.3519
17.1515, 173.3569
17.175, 173.3617
17.1985, 173.3666
17.2222, 173.3714
17.2458, 173.3763
17.2694, 173.3811
17.293, 173.386
17.3166, 173.3908
17.3401, 173.3957
17.3637, 173.4005
17.3873, 173.4054
17.4109, 173.4102
17.4344, 173.4151
17.4581, 173.4199
17.4816, 173.4248
17.5051, 173.4296
17.5288, 173.4344
17.5524, 173.4393
17.576, 173.4442
17.5996, 173.4491
17.6231, 173.4539
17.6467, 173.4588
17.6703, 173.4636
17.6939, 173.4685
17.7175, 173.4733
17.741, 173.4782
17.7646, 173.483
17.7882, 173.4879
17.8117, 173.4927
17.8354, 173.4976
17.859, 173.5024
17.8826, 173.5072
17.9061, 173.5121
17.9297, 173.517
17.9533, 173.5218
17.9769, 173.5267
18.0005, 173.5314
18.0241, 173.5364
18.0477, 173.5412
18.0712, 173.5461
18.0948, 173.5509
18.1184, 173.5558
18.142, 173.5606
18.1656, 173.5655
18.1892, 173.5703
18.2127, 173.5752
18.2363, 173.58
18.2599, 173.5849
18.2835, 173.5897
18.3071, 173.5946
18.3307, 173.5995
18.3542, 173.6042
18.3778, 173.6092
18.4014, 173.6139
18.425, 173.6189
18.4485, 173.6237
18.4722, 173.6286
18.4956, 174.3191
18.5192, 174.3239
18.5428, 174.3288
18.5664, 174.3336
18.5899, 174.3385
18.6135, 174.3434
18.6371, 174.3482
18.6606, 174.3531
18.6843, 174.3578
18.7079, 174.3628
18.7315, 174.3676
18.755, 174.3725
18.7786, 174.3773
18.8022, 174.3822
18.8258, 174.387
18.8494, 174.3919
18.873, 174.3967
18.8965, 174.4016
18.9201, 174.4064
18.9437, 174.4113
18.9673, 174.4161
18.9909, 174.421
19.0145, 174.4258
19.038, 174.4307
19.0616, 174.4355
19.0852, 174.4404
19.1088, 174.4452
19.1324, 174.4501
19.156, 174.4549
19.1795, 174.4598
19.2031, 174.4646
19.2267, 174.4695
19.2503, 174.4743
19.2739, 174.4792
19.2974, 174.4841
19.3211, 174.4889
19.3446, 174.4938
19.3682, 174.4986
19.3918, 174.5034
19.4154, 174.5083
19.439, 174.5131
19.4626, 174.518
19.4861, 174.5229
19.5097, 174.5276
19.5333, 174.5326
19.5569, 174.5373
19.5805, 174.5423
19.604, 174.5471
19.6276, 174.552
19.6512, 174.5568
19.6747, 174.5617
19.6984, 174.5665
19.722, 174.5714
19.7456, 174.5762
19.7691, 174.5811
19.7927, 174.5859
19.8163, 174.5908
19.8399, 174.5956
19.8635, 174.6005
19.8872, 173.9197
19.9108, 173.9245
