#DataThief /Users/villaa/grav_project/NGC5533/NGC5533-dm.png Saturday 20-Apr-2019 4:47:30 PM
0.0621, 3.8984
0.0857, 3.9033
0.0856, 4.589
0.0854, 5.2747
0.1089, 5.9653
0.1088, 6.6509
0.1322, 7.3415
0.132, 8.0272
0.1319, 8.7128
0.1554, 9.4034
0.1552, 10.0891
0.1787, 10.7795
0.1786, 11.4653
0.1784, 12.151
0.1783, 12.8367
0.2017, 13.5272
0.2016, 14.2129
0.2251, 14.9034
0.2248, 15.5891
0.2248, 16.2748
0.2482, 16.9654
0.2481, 17.651
0.2716, 18.3416
0.2713, 19.0273
0.2949, 19.7178
0.2947, 20.4035
0.3182, 21.094
0.318, 21.7797
0.3415, 22.4703
0.3414, 23.1559
0.3412, 23.8416
0.3647, 24.5322
0.3645, 25.2178
0.388, 25.9083
0.3879, 26.5941
0.4113, 27.2846
0.4112, 27.9703
0.411, 28.656
0.4344, 29.3465
0.4343, 30.0322
0.4342, 30.7179
0.4577, 31.4083
0.4575, 32.0941
0.4574, 32.7798
0.4808, 33.4703
0.4807, 34.156
0.4806, 34.8417
0.504, 35.5323
0.5274, 36.2227
0.5272, 36.9085
0.5272, 37.5941
0.5507, 38.2847
0.5505, 38.9704
0.5739, 39.6609
0.5737, 40.3466
0.5973, 41.0372
0.6207, 41.7277
0.6206, 42.4134
0.6205, 43.0991
0.6439, 43.7896
0.6438, 44.4753
0.6672, 45.1658
0.6671, 45.8515
0.6905, 46.5421
0.6904, 47.2277
0.7139, 47.9183
0.7137, 48.604
0.7136, 49.2897
0.737, 49.9802
0.7368, 50.6659
0.7603, 51.3564
0.7602, 52.0421
0.7837, 52.7326
0.7835, 53.4183
0.807, 54.1089
0.8068, 54.7946
0.8303, 55.4851
0.8302, 56.1708
0.8536, 56.8613
0.8535, 57.547
0.8533, 58.2327
0.8768, 58.9232
0.8766, 59.6089
0.9001, 60.2993
0.9, 60.9851
0.9234, 61.6757
0.9468, 62.3662
0.9466, 63.0519
0.9702, 63.7424
0.97, 64.4281
0.9935, 65.1187
1.0169, 65.8092
1.0168, 66.4949
1.0403, 67.1854
1.0401, 67.8711
1.0636, 68.5615
1.0634, 69.2473
1.0869, 69.9379
1.1103, 70.6284
1.1102, 71.3141
1.1336, 72.0046
1.1335, 72.6903
1.157, 73.3809
1.1804, 74.0714
1.1803, 74.757
1.2037, 75.4476
1.2273, 75.4525
1.2272, 76.1381
1.2506, 76.8287
1.2505, 77.5144
1.2739, 78.2049
1.2738, 78.8906
1.2973, 79.5811
1.3207, 80.2717
1.3206, 80.9574
1.3204, 81.6431
1.3439, 82.3336
1.3437, 83.0193
1.3672, 83.7098
1.3906, 84.4003
1.4141, 85.0909
1.4375, 85.7814
1.461, 86.472
1.4844, 87.1625
1.4843, 87.8481
1.5078, 88.5387
1.5312, 89.2293
1.5547, 89.9198
1.5545, 90.6055
1.5779, 91.296
1.6014, 91.9866
1.6249, 92.6771
1.6482, 93.3677
1.6482, 94.0533
1.6718, 94.0582
1.6952, 94.7487
1.6951, 95.4344
1.7185, 96.125
1.742, 96.8155
1.7418, 97.5011
1.7654, 97.506
1.7889, 98.1966
1.8123, 98.8871
1.8357, 99.5776
1.8592, 100.2682
1.8827, 100.9586
1.9062, 100.9636
1.9298, 100.9684
1.9297, 101.6541
1.9533, 101.659
1.9767, 102.3495
2.0002, 103.04
2.0001, 103.7257
2.0236, 103.7306
2.0471, 104.4211
2.0707, 104.426
2.0705, 105.1117
2.0704, 105.7973
2.0939, 106.4879
2.1173, 107.1784
2.1407, 107.869
2.1643, 107.8738
2.1878, 108.5643
2.2112, 109.2549
2.2347, 109.9454
2.2581, 110.636
2.2817, 110.6408
2.2816, 111.3265
2.3052, 111.3313
2.3286, 112.0219
2.3521, 112.7124
2.3519, 113.3981
2.3755, 113.403
2.399, 114.0935
2.4224, 114.784
2.446, 114.7889
2.4696, 114.7936
2.4929, 115.4843
2.5165, 116.1748
2.5401, 116.1797
2.5635, 116.8702
2.587, 117.5607
2.6105, 117.5655
2.634, 118.2561
2.6574, 118.9466
2.6808, 119.6372
2.7043, 120.3277
2.7279, 120.3326
2.7513, 121.0231
2.7748, 121.7137
2.7984, 121.7185
2.8218, 122.4091
2.8454, 122.4139
2.8689, 123.1045
2.8923, 123.795
2.9159, 123.7997
2.9394, 124.4904
2.9628, 125.1809
2.9864, 125.1858
3.0099, 125.8763
3.0334, 125.8812
3.0569, 126.5716
3.0805, 126.5766
3.1039, 127.2671
3.1275, 127.2719
3.1511, 127.2768
3.1745, 127.9673
3.198, 128.6579
3.2216, 128.6627
3.2452, 128.6676
3.2686, 129.358
3.2922, 129.363
3.3155, 130.0535
3.3392, 130.0584
3.3627, 130.7489
3.3862, 130.7537
3.4098, 130.7586
3.4333, 131.4491
3.4569, 131.454
3.4803, 132.1445
3.5039, 132.1494
3.5274, 132.1542
3.5509, 132.8448
3.5745, 132.8496
3.5979, 133.5402
3.6216, 133.545
3.6451, 133.5499
3.6686, 134.2404
3.6922, 134.2452
3.7156, 134.9358
3.7391, 134.9405
3.7628, 134.9455
3.7864, 134.9503
3.8098, 135.6409
3.8333, 136.3314
3.8569, 136.3363
3.8803, 137.0268
3.9039, 137.0317
3.9275, 137.0365
3.9508, 137.7269
3.9745, 137.7319
3.9981, 137.7367
4.0215, 138.4273
4.0451, 138.4321
4.0686, 139.1227
4.0922, 139.1275
4.1157, 139.1324
4.1393, 139.1372
4.1628, 139.8277
4.1864, 139.8326
4.2099, 139.8375
4.2335, 139.8423
4.257, 140.5329
4.2806, 140.5377
4.3041, 140.5426
4.3276, 141.2331
4.3512, 141.238
4.3748, 141.2428
4.3982, 141.9333
4.4218, 141.9382
4.4454, 141.943
4.4689, 141.9479
4.4924, 142.6383
4.516, 142.6433
4.5396, 142.6481
4.5632, 142.653
4.5866, 143.3435
4.6101, 143.3484
4.6338, 143.3532
4.6574, 143.358
4.6808, 144.0486
4.7044, 144.0535
4.728, 144.0583
4.7516, 144.0632
4.775, 144.7537
4.7986, 144.7586
4.8222, 144.7633
4.8458, 144.7683
4.8692, 145.4588
4.8928, 145.4637
4.9163, 145.4685
4.94, 145.4734
4.9635, 145.4782
4.987, 146.1688
5.0106, 146.1736
5.0342, 146.1785
5.0577, 146.1833
5.0813, 146.1882
5.1048, 146.8787
5.1284, 146.8835
5.1519, 146.8883
5.1755, 146.8933
5.1991, 146.8981
5.2226, 147.5886
5.2461, 147.5935
5.2697, 147.5983
5.2932, 148.2889
5.3168, 148.2937
5.3402, 148.9843
5.3638, 148.9891
5.3874, 148.994
5.411, 148.9988
5.4346, 149.0037
5.4581, 149.0085
5.4817, 149.0134
5.5053, 149.0182
5.5289, 149.0231
5.5523, 149.7136
5.5758, 149.7185
5.5995, 149.7233
5.6231, 149.7282
5.6465, 150.4187
5.6701, 150.4236
5.6937, 150.4284
5.7173, 150.4333
5.7407, 151.1238
5.7643, 151.1287
5.7879, 151.1335
5.8115, 151.1384
5.8351, 151.1432
5.8585, 151.8338
5.882, 151.8386
5.9057, 151.8435
5.9293, 151.8483
5.9529, 151.8532
5.9763, 152.5436
5.9999, 152.5485
6.0235, 152.5534
6.0471, 152.5583
6.0706, 152.5631
6.0942, 152.568
6.1178, 152.5728
6.1413, 153.2633
6.1648, 153.2682
6.1884, 153.273
6.212, 153.2779
6.2356, 153.2828
6.2591, 153.2876
6.2828, 153.2925
6.3063, 153.2973
6.3298, 153.9878
6.3534, 153.9927
6.377, 153.9975
6.4005, 154.0024
6.4241, 154.0073
6.4477, 154.0121
6.4713, 154.017
6.4948, 154.7075
6.5183, 154.7123
6.5419, 154.7172
6.5655, 154.722
6.5891, 154.7269
6.6125, 155.4174
6.636, 155.4223
6.6597, 155.4271
6.6833, 155.432
6.7069, 155.4368
6.7305, 155.4417
6.754, 155.4465
6.7776, 155.4514
6.8011, 156.1419
6.8247, 156.1468
6.8481, 156.1516
6.8718, 156.1565
6.8954, 156.1613
6.919, 156.1662
6.9424, 156.8567
6.966, 156.8616
6.9896, 156.8664
7.0132, 156.8713
7.0368, 156.8761
7.0604, 156.881
7.0839, 156.8858
7.1075, 156.8907
7.1311, 156.8955
7.1547, 156.9003
7.1781, 157.5909
7.2017, 157.5958
7.2253, 157.6006
7.2489, 157.6055
7.2725, 157.6103
7.2961, 157.6152
7.3197, 157.62
7.3432, 157.6249
7.3668, 157.6297
7.3902, 158.3203
7.4139, 158.3251
7.4374, 158.33
7.461, 158.3348
7.4846, 158.3397
7.5082, 158.3445
7.5318, 158.3494
7.5554, 158.3542
7.5789, 158.3591
7.6025, 158.3639
7.6261, 158.3688
7.6497, 158.3737
7.6731, 159.0642
7.6966, 159.069
7.7203, 159.0739
7.7439, 159.0787
7.7675, 159.0836
7.7911, 159.0884
7.8145, 159.779
7.838, 159.7838
7.8617, 159.7887
7.8853, 159.7934
7.9088, 159.7984
7.9324, 159.8032
7.956, 159.8081
7.9795, 160.4986
8.003, 160.5034
8.0266, 160.5083
8.0502, 160.5131
8.0738, 160.518
8.0974, 160.5229
8.121, 160.5276
8.1445, 160.5326
8.1681, 160.5373
8.1917, 160.5423
8.2153, 160.5471
8.2389, 160.552
8.2625, 160.5569
8.2861, 160.5617
8.3094, 161.2522
8.3331, 161.257
8.3567, 161.2619
8.3803, 161.2668
8.4038, 161.2716
8.4274, 161.2765
8.451, 161.2812
8.4746, 161.2862
8.4982, 161.2911
8.5218, 161.2959
8.5453, 161.3008
8.5689, 161.3056
8.5924, 161.9961
8.616, 162.001
8.6395, 162.0058
8.6631, 162.0107
8.6867, 162.0156
8.7103, 162.0204
8.7339, 162.0253
8.7574, 162.0301
8.781, 162.035
8.8046, 162.0398
8.8282, 162.0447
8.8518, 162.0495
8.8754, 162.0544
8.8988, 162.7449
8.9224, 162.7498
8.946, 162.7546
8.9696, 162.7595
8.9931, 162.7643
9.0168, 162.7692
9.0403, 162.774
9.0639, 162.7789
9.0875, 162.7837
9.1111, 162.7886
9.1347, 162.7934
9.1583, 162.7983
9.1818, 162.8031
9.2053, 163.4937
9.2288, 163.4985
9.2525, 163.5034
9.276, 163.5082
9.2995, 163.5131
9.3232, 163.5179
9.3468, 163.5228
9.3704, 163.5276
9.394, 163.5325
9.4175, 163.5373
9.4411, 163.5422
9.4647, 163.547
9.4883, 163.5518
9.5117, 164.2424
9.5352, 164.2473
9.5589, 164.2521
9.5825, 164.257
9.6061, 164.2618
9.6297, 164.2667
9.6532, 164.2715
9.6768, 164.2764
9.7004, 164.2812
9.724, 164.2861
9.7476, 164.2909
9.7711, 164.2958
9.7948, 164.3006
9.8182, 164.9912
9.8418, 164.996
9.8654, 165.0009
9.889, 165.0057
9.9125, 165.0106
9.9361, 165.0154
9.9597, 165.0203
9.9832, 165.0251
